generation,size,female_size,fertile_female_size,rate_dr,rate_has_drive,rate_complete_r2,rate_partial_r2,drive_efficiency,drop_ratio,low_density_growth_rate,density_growth_curve
1,78440,49487,49487,0.0,0.0,0.0,0.0,0.5,2.1,6.0,linear
2,78593,49583,49583,0.0,0.0,0.0,0.0,0.5,2.1,6.0,linear
3,79270,50070,50070,0.0,0.0,0.0,0.0,0.5,2.1,6.0,linear
4,78993,50034,50034,0.0,0.0,0.0,0.0,0.5,2.1,6.0,linear
5,78452,50010,50010,0.0,0.0,0.0,0.0,0.5,2.1,6.0,linear
6,79110,50347,50347,0.0,0.0,0.0,0.0,0.5,2.1,6.0,linear
7,79306,50500,50500,0.0,0.0,0.0,0.0,0.5,2.1,6.0,linear
8,78417,50146,50146,0.0,0.0,0.0,0.0,0.5,2.1,6.0,linear
9,77790,49757,49757,0.0,0.0,0.0,0.0,0.5,2.1,6.0,linear
10,77322,49375,49375,0.0,0.0,0.0,0.0,0.5,2.1,6.0,linear
11,78268,49729,49729,0.0,0.0,0.0,0.0,0.5,2.1,6.0,linear
12,91230,49975,49975,0.1205,0.136504,0.0,0.0,0.5,2.1,6.0,linear
13,97152,48696,48696,0.191474,0.230268,0.0,0.0,0.5,2.1,6.0,linear
14,92837,44882,44882,0.2234,0.293625,9.6574e-05,0.0,0.5,2.1,6.0,linear
15,90208,41134,41118,0.255244,0.3601,0.000452686,0.0,0.5,2.1,6.0,linear
16,89769,37877,37815,0.285649,0.423188,0.00145259,0.0,0.5,2.1,6.0,linear
17,89590,34268,34084,0.313855,0.481816,0.00317561,0.0,0.5,2.1,6.0,linear
18,89881,31528,31138,0.335671,0.528416,0.00563116,0.0,0.5,2.1,6.0,linear
19,89600,29106,28441,0.352285,0.562174,0.00904258,0.0,0.5,2.1,6.0,linear
20,88964,27198,26143,0.365994,0.588476,0.013882,0.0,0.5,2.1,6.0,linear
21,87343,25257,23778,0.375822,0.606987,0.0196901,0.0,0.5,2.1,6.0,linear
22,86195,23808,21790,0.385275,0.622916,0.0261296,0.0,0.5,2.1,6.0,linear
23,84106,22531,20055,0.392742,0.635533,0.0335308,0.0,0.5,2.1,6.0,linear
24,82885,21497,18584,0.400223,0.648201,0.0411467,0.0,0.5,2.1,6.0,linear
25,81465,20516,17124,0.406544,0.656702,0.0494144,0.0,0.5,2.1,6.0,linear
26,79785,19787,15915,0.411457,0.664843,0.0583864,0.0,0.5,2.1,6.0,linear
27,78054,18767,14584,0.416199,0.670622,0.0673046,0.0,0.5,2.1,6.0,linear
28,76815,17953,13400,0.421513,0.678744,0.0754544,0.0,0.5,2.1,6.0,linear
29,75471,17420,12425,0.425171,0.683895,0.0852857,0.0,0.5,2.1,6.0,linear
30,74273,17035,11676,0.428421,0.687038,0.0949018,0.0,0.5,2.1,6.0,linear
31,72994,16251,10712,0.433963,0.696212,0.103933,0.0,0.5,2.1,6.0,linear
32,72150,15673,9835,0.436833,0.697479,0.113902,0.0,0.5,2.1,6.0,linear
33,70686,15377,9187,0.438455,0.698859,0.123806,0.0,0.5,2.1,6.0,linear
34,69808,14836,8421,0.441484,0.70209,0.134008,0.0,0.5,2.1,6.0,linear
35,68730,14383,7761,0.444869,0.706204,0.143958,0.0,0.5,2.1,6.0,linear
36,67543,14048,7170,0.449054,0.710857,0.153085,0.0,0.5,2.1,6.0,linear
37,66546,13646,6627,0.451668,0.713082,0.16237,0.0,0.5,2.1,6.0,linear
38,65688,13341,6099,0.453837,0.715927,0.172951,0.0,0.5,2.1,6.0,linear
39,64838,12968,5539,0.456422,0.718901,0.183331,0.0,0.5,2.1,6.0,linear
40,64338,12764,5097,0.457849,0.718881,0.193651,0.0,0.5,2.1,6.0,linear
41,63659,12494,4690,0.459665,0.718527,0.204057,0.0,0.5,2.1,6.0,linear
42,63151,12376,4349,0.45901,0.716227,0.214434,0.0,0.5,2.1,6.0,linear
43,62371,12333,4056,0.459915,0.718811,0.224253,0.0,0.5,2.1,6.0,linear
44,62470,12313,3751,0.462937,0.720031,0.233893,0.0,0.5,2.1,6.0,linear
45,61869,12160,3496,0.463769,0.721442,0.243689,0.0,0.5,2.1,6.0,linear
46,61906,12046,3207,0.465354,0.723766,0.2562,0.0,0.5,2.1,6.0,linear
47,61236,11961,2923,0.466261,0.72478,0.26513,0.0,0.5,2.1,6.0,linear
48,60841,11687,2656,0.467924,0.727624,0.275416,0.0,0.5,2.1,6.0,linear
49,60685,11543,2336,0.468466,0.725334,0.284445,0.0,0.5,2.1,6.0,linear
50,60175,11524,2218,0.468202,0.723672,0.293954,0.0,0.5,2.1,6.0,linear
51,59807,11562,2121,0.467021,0.722239,0.302755,0.0,0.5,2.1,6.0,linear
52,59898,11534,1892,0.468591,0.725152,0.31062,0.0,0.5,2.1,6.0,linear
53,59849,11437,1731,0.469712,0.724849,0.318366,0.0,0.5,2.1,6.0,linear
54,59313,11528,1560,0.466767,0.722866,0.328464,0.0,0.5,2.1,6.0,linear
55,59969,11562,1432,0.467004,0.721477,0.336319,0.0,0.5,2.1,6.0,linear
56,60245,11619,1340,0.465791,0.719118,0.345664,0.0,0.5,2.1,6.0,linear
57,59928,11611,1215,0.463848,0.715746,0.355515,0.0,0.5,2.1,6.0,linear
58,60510,11957,1126,0.463906,0.714409,0.362778,0.0,0.5,2.1,6.0,linear
59,60005,11887,1054,0.461959,0.71356,0.371663,0.0,0.5,2.1,6.0,linear
60,60606,11970,955,0.460188,0.710824,0.380542,0.0,0.5,2.1,6.0,linear
61,60743,12097,908,0.457836,0.70746,0.389817,0.0,0.5,2.1,6.0,linear
62,60800,12268,836,0.457202,0.706783,0.396812,0.0,0.5,2.1,6.0,linear
63,61223,12522,786,0.455858,0.706855,0.4015,0.0,0.5,2.1,6.0,linear
64,62178,12755,763,0.452508,0.701278,0.41061,0.0,0.5,2.1,6.0,linear
65,62723,13077,710,0.450602,0.70053,0.416956,0.0,0.5,2.1,6.0,linear
66,63130,13163,667,0.44714,0.695908,0.424281,0.0,0.5,2.1,6.0,linear
67,63758,13528,647,0.4458,0.692887,0.429877,0.0,0.5,2.1,6.0,linear
68,64526,13757,624,0.442909,0.69018,0.435949,0.0,0.5,2.1,6.0,linear
69,64741,13961,547,0.439163,0.685622,0.443874,0.0,0.5,2.1,6.0,linear
70,65529,14294,477,0.436952,0.682256,0.451931,0.0,0.5,2.1,6.0,linear
71,66506,14592,467,0.434871,0.680541,0.45896,0.0,0.5,2.1,6.0,linear
72,67739,15023,443,0.432256,0.676939,0.466024,0.0,0.5,2.1,6.0,linear
73,68020,15362,428,0.428294,0.672797,0.475322,0.0,0.5,2.1,6.0,linear
74,68964,15684,385,0.423979,0.665992,0.483161,0.0,0.5,2.1,6.0,linear
75,69680,16026,369,0.421695,0.662794,0.489059,0.0,0.5,2.1,6.0,linear
76,70759,16444,360,0.416131,0.656161,0.496982,0.0,0.5,2.1,6.0,linear
77,71947,17196,352,0.411693,0.650067,0.504949,0.0,0.5,2.1,6.0,linear
78,72974,17667,316,0.408472,0.645039,0.511698,0.0,0.5,2.1,6.0,linear
79,74134,18265,280,0.405165,0.641214,0.518998,0.0,0.5,2.1,6.0,linear
80,74996,18790,266,0.401061,0.636193,0.527068,0.0,0.5,2.1,6.0,linear
81,76131,19199,245,0.399792,0.63585,0.530928,0.0,0.5,2.1,6.0,linear
82,77175,19441,200,0.396211,0.630012,0.538446,0.0,0.5,2.1,6.0,linear
83,78271,20009,169,0.393612,0.626131,0.544325,0.0,0.5,2.1,6.0,linear
84,78806,20413,164,0.389985,0.62022,0.550221,0.0,0.5,2.1,6.0,linear
85,79617,20887,161,0.384338,0.610665,0.558311,0.0,0.5,2.1,6.0,linear
86,80678,21592,147,0.381148,0.605554,0.563224,0.0,0.5,2.1,6.0,linear
87,81541,22087,143,0.378517,0.602167,0.568071,0.0,0.5,2.1,6.0,linear
88,82431,22826,132,0.375537,0.59904,0.57266,0.0,0.5,2.1,6.0,linear
89,83107,23096,135,0.373364,0.596774,0.577034,0.0,0.5,2.1,6.0,linear
90,84258,23632,128,0.372307,0.594048,0.579818,0.0,0.5,2.1,6.0,linear
91,84483,23859,120,0.370939,0.592972,0.582869,0.0,0.5,2.1,6.0,linear
92,85088,23996,112,0.368857,0.589573,0.586979,0.0,0.5,2.1,6.0,linear
93,85535,24409,91,0.366278,0.584935,0.591789,0.0,0.5,2.1,6.0,linear
94,86064,24628,79,0.365432,0.583165,0.593864,0.0,0.5,2.1,6.0,linear
95,86185,24896,76,0.363073,0.578942,0.598574,0.0,0.5,2.1,6.0,linear
96,86735,25230,75,0.361543,0.576478,0.601162,0.0,0.5,2.1,6.0,linear
97,86656,25337,80,0.360507,0.576121,0.60388,0.0,0.5,2.1,6.0,linear
98,87655,25576,89,0.360542,0.574788,0.60514,0.0,0.5,2.1,6.0,linear
99,87712,25735,81,0.358483,0.572128,0.608395,0.0,0.5,2.1,6.0,linear
100,87821,25839,83,0.358957,0.572666,0.609142,0.0,0.5,2.1,6.0,linear
101,87932,26019,58,0.358379,0.571331,0.61082,0.0,0.5,2.1,6.0,linear
102,88004,26064,43,0.357978,0.571261,0.61218,0.0,0.5,2.1,6.0,linear
103,88306,26180,39,0.358722,0.572337,0.612944,0.0,0.5,2.1,6.0,linear
104,88403,26384,35,0.357738,0.571693,0.614934,0.0,0.5,2.1,6.0,linear
105,88408,26397,36,0.357693,0.572008,0.616025,0.0,0.5,2.1,6.0,linear
106,88504,26363,35,0.355039,0.567485,0.620195,0.0,0.5,2.1,6.0,linear
107,89091,26481,33,0.35554,0.567317,0.620371,0.0,0.5,2.1,6.0,linear
108,88700,26519,30,0.355569,0.567204,0.621368,0.0,0.5,2.1,6.0,linear
109,88247,26410,28,0.355016,0.566266,0.622591,0.0,0.5,2.1,6.0,linear
110,88468,26578,30,0.355208,0.566087,0.623578,0.0,0.5,2.1,6.0,linear
111,88642,26670,24,0.355275,0.565673,0.623984,0.0,0.5,2.1,6.0,linear
112,89176,26840,22,0.354207,0.564207,0.626041,0.0,0.5,2.1,6.0,linear
113,88853,26865,21,0.352702,0.561857,0.628642,0.0,0.5,2.1,6.0,linear
114,89250,27086,18,0.352187,0.561883,0.629693,0.0,0.5,2.1,6.0,linear
115,88995,26912,24,0.352539,0.562565,0.630688,0.0,0.5,2.1,6.0,linear
116,89242,26927,21,0.35176,0.560083,0.631968,0.0,0.5,2.1,6.0,linear
117,89168,27049,23,0.351324,0.558965,0.63309,0.0,0.5,2.1,6.0,linear
118,89593,27282,19,0.351287,0.559225,0.634003,0.0,0.5,2.1,6.0,linear
119,89311,27062,15,0.351063,0.559636,0.635008,0.0,0.5,2.1,6.0,linear
120,89770,27176,14,0.351794,0.560309,0.634999,0.0,0.5,2.1,6.0,linear
121,89622,27252,13,0.351161,0.559466,0.636316,0.0,0.5,2.1,6.0,linear
122,89665,27139,10,0.351437,0.559354,0.63643,0.0,0.5,2.1,6.0,linear
123,89901,27227,10,0.351534,0.559585,0.637225,0.0,0.5,2.1,6.0,linear
124,89384,27088,8,0.349929,0.557278,0.63886,0.0,0.5,2.1,6.0,linear
125,89594,27167,7,0.350706,0.557813,0.638796,0.0,0.5,2.1,6.0,linear
126,89776,27468,4,0.350258,0.558559,0.639689,0.0,0.5,2.1,6.0,linear
127,89778,27552,2,0.351327,0.560722,0.639376,0.0,0.5,2.1,6.0,linear
128,89844,27311,2,0.352566,0.562256,0.638624,0.0,0.5,2.1,6.0,linear
129,89473,27188,1,0.353006,0.563218,0.638585,0.0,0.5,2.1,6.0,linear
130,89640,27093,0,0.353726,0.563075,0.637981,0.0,0.5,2.1,6.0,linear
131,89329,27043,0,0.352512,0.561509,0.639405,0.0,0.5,2.1,6.0,linear
132,89151,27085,0,0.351618,0.559785,0.640255,0.0,0.5,2.1,6.0,linear
133,89046,26930,0,0.35072,0.558875,0.641488,0.0,0.5,2.1,6.0,linear
134,89265,27131,0,0.351445,0.559318,0.641144,0.0,0.5,2.1,6.0,linear
135,88906,27115,0,0.350986,0.559546,0.64173,0.0,0.5,2.1,6.0,linear
136,89078,27059,0,0.350992,0.559348,0.642281,0.0,0.5,2.1,6.0,linear
137,89125,27108,1,0.350525,0.558202,0.643007,0.0,0.5,2.1,6.0,linear
138,89490,27189,0,0.350695,0.558888,0.643246,0.0,0.5,2.1,6.0,linear
139,89375,27364,0,0.350323,0.558801,0.643869,0.0,0.5,2.1,6.0,linear
140,89711,27528,1,0.350871,0.559631,0.64339,0.0,0.5,2.1,6.0,linear
141,89842,27506,1,0.351276,0.560105,0.64332,0.0,0.5,2.1,6.0,linear
142,89693,27310,1,0.352194,0.562208,0.642364,0.0,0.5,2.1,6.0,linear
143,89652,27310,1,0.352187,0.561515,0.642587,0.0,0.5,2.1,6.0,linear
144,89658,27217,1,0.350701,0.559685,0.64418,0.0,0.5,2.1,6.0,linear
145,89906,27288,1,0.349959,0.556901,0.645117,0.0,0.5,2.1,6.0,linear
146,89250,27127,1,0.350546,0.558488,0.644859,0.0,0.5,2.1,6.0,linear
147,89423,27347,1,0.349157,0.555324,0.646314,0.0,0.5,2.1,6.0,linear
148,89711,27543,2,0.35008,0.557667,0.645508,0.0,0.5,2.1,6.0,linear
149,89149,27341,2,0.348873,0.555615,0.646933,0.0,0.5,2.1,6.0,linear
150,89191,27605,2,0.348679,0.554911,0.64754,0.0,0.5,2.1,6.0,linear
151,89463,27528,2,0.350043,0.557492,0.646102,0.0,0.5,2.1,6.0,linear
152,89156,27342,1,0.349324,0.556508,0.646853,0.0,0.5,2.1,6.0,linear
153,89520,27329,0,0.348651,0.555327,0.647875,0.0,0.5,2.1,6.0,linear
154,89781,27592,0,0.349072,0.55586,0.647737,0.0,0.5,2.1,6.0,linear
155,89441,27449,0,0.348892,0.554634,0.648211,0.0,0.5,2.1,6.0,linear
156,89700,27410,0,0.347556,0.552984,0.649582,0.0,0.5,2.1,6.0,linear
157,89839,27539,0,0.348228,0.554063,0.649232,0.0,0.5,2.1,6.0,linear
158,89684,27551,0,0.348897,0.554554,0.648693,0.0,0.5,2.1,6.0,linear
159,89543,27529,0,0.348035,0.553028,0.649842,0.0,0.5,2.1,6.0,linear
160,89676,27599,0,0.348998,0.555031,0.649041,0.0,0.5,2.1,6.0,linear
161,89680,27560,0,0.349066,0.555094,0.64921,0.0,0.5,2.1,6.0,linear
162,89181,27344,0,0.349319,0.556183,0.649123,0.0,0.5,2.1,6.0,linear
163,89627,27310,0,0.350637,0.557917,0.647999,0.0,0.5,2.1,6.0,linear
164,89529,27312,0,0.350267,0.557765,0.648476,0.0,0.5,2.1,6.0,linear
165,89643,27321,0,0.34981,0.557284,0.649055,0.0,0.5,2.1,6.0,linear
166,89715,27504,0,0.349149,0.555753,0.649817,0.0,0.5,2.1,6.0,linear
167,90017,27495,0,0.348751,0.55594,0.650217,0.0,0.5,2.1,6.0,linear
168,89790,27588,0,0.34794,0.554519,0.651101,0.0,0.5,2.1,6.0,linear
169,89916,27569,0,0.348889,0.555407,0.650162,0.0,0.5,2.1,6.0,linear
170,89738,27587,0,0.34851,0.55575,0.650574,0.0,0.5,2.1,6.0,linear
171,89673,27384,0,0.349424,0.556941,0.64973,0.0,0.5,2.1,6.0,linear
172,89832,27281,0,0.348583,0.555671,0.650551,0.0,0.5,2.1,6.0,linear
173,90219,27421,0,0.350233,0.557285,0.648952,0.0,0.5,2.1,6.0,linear
174,89723,27343,0,0.349926,0.557016,0.649232,0.0,0.5,2.1,6.0,linear
175,89784,27289,0,0.349788,0.557223,0.649409,0.0,0.5,2.1,6.0,linear
176,89708,27323,0,0.34976,0.557317,0.649513,0.0,0.5,2.1,6.0,linear
177,89751,27452,0,0.350768,0.559745,0.648537,0.0,0.5,2.1,6.0,linear
178,89592,27357,0,0.35005,0.55818,0.649268,0.0,0.5,2.1,6.0,linear
179,89362,27190,0,0.350204,0.558654,0.649178,0.0,0.5,2.1,6.0,linear
180,89575,27192,0,0.350956,0.558516,0.648397,0.0,0.5,2.1,6.0,linear
181,89521,27048,0,0.351466,0.559759,0.647952,0.0,0.5,2.1,6.0,linear
182,89230,26920,0,0.352269,0.56104,0.647198,0.0,0.5,2.1,6.0,linear
183,89221,27247,0,0.350103,0.556794,0.649378,0.0,0.5,2.1,6.0,linear
184,89165,27412,0,0.35046,0.557811,0.649029,0.0,0.5,2.1,6.0,linear
185,89505,27456,0,0.349474,0.556422,0.650074,0.0,0.5,2.1,6.0,linear
186,89891,27559,0,0.348619,0.554884,0.650971,0.0,0.5,2.1,6.0,linear
187,89736,27530,0,0.349294,0.555752,0.650337,0.0,0.5,2.1,6.0,linear
188,89653,27568,0,0.348547,0.5549,0.651118,0.0,0.5,2.1,6.0,linear
189,89888,27739,0,0.348159,0.55458,0.65151,0.0,0.5,2.1,6.0,linear
190,89824,27680,0,0.349248,0.557361,0.650412,0.0,0.5,2.1,6.0,linear
191,90214,27668,0,0.349022,0.555211,0.650688,0.0,0.5,2.1,6.0,linear
192,89762,27841,0,0.348005,0.554377,0.651736,0.0,0.5,2.1,6.0,linear
193,90161,27815,0,0.34872,0.555209,0.651026,0.0,0.5,2.1,6.0,linear
194,90111,27854,0,0.34831,0.554438,0.65151,0.0,0.5,2.1,6.0,linear
195,89898,27627,0,0.348919,0.554835,0.650935,0.0,0.5,2.1,6.0,linear
196,89966,27585,0,0.349866,0.556921,0.649999,0.0,0.5,2.1,6.0,linear
197,89949,27606,0,0.350113,0.556982,0.649744,0.0,0.5,2.1,6.0,linear
198,89718,27564,0,0.349516,0.555825,0.650372,0.0,0.5,2.1,6.0,linear
199,89693,27566,0,0.349666,0.557372,0.650237,0.0,0.5,2.1,6.0,linear
200,89924,27406,0,0.348385,0.554688,0.651544,0.0,0.5,2.1,6.0,linear
201,90094,27466,0,0.348819,0.555342,0.651117,0.0,0.5,2.1,6.0,linear
202,90089,27497,0,0.348351,0.554559,0.651586,0.0,0.5,2.1,6.0,linear
203,89973,27676,0,0.348401,0.554338,0.651547,0.0,0.5,2.1,6.0,linear
204,90054,27785,0,0.348595,0.555172,0.651367,0.0,0.5,2.1,6.0,linear
205,90156,27771,0,0.348437,0.554696,0.651511,0.0,0.5,2.1,6.0,linear
206,90079,27836,0,0.348898,0.555138,0.651076,0.0,0.5,2.1,6.0,linear
207,90180,27958,0,0.348661,0.555456,0.651317,0.0,0.5,2.1,6.0,linear
208,90112,27760,0,0.349112,0.555546,0.650854,0.0,0.5,2.1,6.0,linear
209,89634,27459,0,0.349158,0.556749,0.650804,0.0,0.5,2.1,6.0,linear
210,89827,27475,0,0.348754,0.555303,0.651223,0.0,0.5,2.1,6.0,linear
211,89846,27623,0,0.349112,0.555169,0.650869,0.0,0.5,2.1,6.0,linear
212,90140,27639,0,0.349141,0.556316,0.65084,0.0,0.5,2.1,6.0,linear
213,89940,27704,0,0.349975,0.557445,0.650017,0.0,0.5,2.1,6.0,linear
214,89511,27504,0,0.349432,0.556786,0.650557,0.0,0.5,2.1,6.0,linear
215,89896,27600,0,0.350608,0.558663,0.649384,0.0,0.5,2.1,6.0,linear
216,89765,27511,0,0.351156,0.559122,0.648826,0.0,0.5,2.1,6.0,linear
217,89567,27418,0,0.351007,0.558936,0.648966,0.0,0.5,2.1,6.0,linear
218,89293,27245,0,0.350642,0.558626,0.649339,0.0,0.5,2.1,6.0,linear
219,89860,27283,0,0.352027,0.561404,0.647954,0.0,0.5,2.1,6.0,linear
220,89505,27207,0,0.351972,0.561323,0.648013,0.0,0.5,2.1,6.0,linear
221,90085,27228,0,0.351723,0.560066,0.64827,0.0,0.5,2.1,6.0,linear
222,89340,27223,0,0.349686,0.556112,0.650303,0.0,0.5,2.1,6.0,linear
223,89237,27407,0,0.349793,0.556438,0.650195,0.0,0.5,2.1,6.0,linear
224,89323,27532,0,0.347777,0.552662,0.652201,0.0,0.5,2.1,6.0,linear
225,89686,27717,0,0.347704,0.553082,0.652273,0.0,0.5,2.1,6.0,linear
226,89966,27727,0,0.348009,0.554387,0.651976,0.0,0.5,2.1,6.0,linear
227,89928,27587,0,0.348146,0.554152,0.651843,0.0,0.5,2.1,6.0,linear
228,89626,27461,0,0.349672,0.556479,0.650321,0.0,0.5,2.1,6.0,linear
229,89428,27338,0,0.350399,0.557738,0.649578,0.0,0.5,2.1,6.0,linear
230,89203,27430,0,0.349818,0.557379,0.65016,0.0,0.5,2.1,6.0,linear
231,89498,27519,0,0.349197,0.555604,0.650784,0.0,0.5,2.1,6.0,linear
232,89774,27714,0,0.348992,0.556257,0.650985,0.0,0.5,2.1,6.0,linear
233,90101,27614,0,0.348469,0.555259,0.651512,0.0,0.5,2.1,6.0,linear
234,89950,27687,0,0.3485,0.555329,0.651474,0.0,0.5,2.1,6.0,linear
235,89631,27585,0,0.348952,0.555294,0.65101,0.0,0.5,2.1,6.0,linear
236,89749,27524,0,0.350395,0.558162,0.649575,0.0,0.5,2.1,6.0,linear
237,89577,27355,0,0.349084,0.555517,0.650882,0.0,0.5,2.1,6.0,linear
238,89889,27414,0,0.34989,0.556265,0.650091,0.0,0.5,2.1,6.0,linear
239,89540,27347,0,0.349339,0.556135,0.650653,0.0,0.5,2.1,6.0,linear
240,89969,27721,0,0.348989,0.554454,0.651011,0.0,0.5,2.1,6.0,linear
241,89449,27432,0,0.347973,0.554777,0.652027,0.0,0.5,2.1,6.0,linear
242,89728,27559,0,0.347662,0.553648,0.652338,0.0,0.5,2.1,6.0,linear
243,90004,27532,0,0.348756,0.555092,0.651244,0.0,0.5,2.1,6.0,linear
244,89882,27489,0,0.350098,0.55698,0.649902,0.0,0.5,2.1,6.0,linear
245,89468,27400,0,0.34952,0.555598,0.65048,0.0,0.5,2.1,6.0,linear
246,89557,27658,0,0.347659,0.553192,0.652341,0.0,0.5,2.1,6.0,linear
247,89951,27799,0,0.346543,0.550562,0.653457,0.0,0.5,2.1,6.0,linear
248,90156,27784,0,0.348196,0.55384,0.651804,0.0,0.5,2.1,6.0,linear
249,89934,27656,0,0.348616,0.554554,0.651384,0.0,0.5,2.1,6.0,linear
250,89568,27754,0,0.348796,0.554776,0.651204,0.0,0.5,2.1,6.0,linear
251,89931,27546,0,0.350341,0.556421,0.649659,0.0,0.5,2.1,6.0,linear
252,90139,27611,0,0.349159,0.555098,0.650841,0.0,0.5,2.1,6.0,linear
253,90024,27474,0,0.349914,0.556003,0.650086,0.0,0.5,2.1,6.0,linear
254,89735,27585,0,0.348044,0.553718,0.651956,0.0,0.5,2.1,6.0,linear
255,90186,27795,0,0.348542,0.554032,0.651458,0.0,0.5,2.1,6.0,linear
256,89928,27898,0,0.348676,0.554308,0.651324,0.0,0.5,2.1,6.0,linear
257,89988,27676,0,0.348104,0.553649,0.651896,0.0,0.5,2.1,6.0,linear
258,90092,27855,0,0.348566,0.555228,0.651434,0.0,0.5,2.1,6.0,linear
259,89736,27628,0,0.348771,0.556199,0.651229,0.0,0.5,2.1,6.0,linear
260,89710,27497,0,0.351293,0.559496,0.648707,0.0,0.5,2.1,6.0,linear
261,89943,27353,0,0.351113,0.559871,0.648887,0.0,0.5,2.1,6.0,linear
262,89913,27326,0,0.352454,0.561948,0.647546,0.0,0.5,2.1,6.0,linear
263,89265,27023,0,0.351659,0.560018,0.648341,0.0,0.5,2.1,6.0,linear
264,89192,27111,0,0.35127,0.559728,0.64873,0.0,0.5,2.1,6.0,linear
265,89369,27292,0,0.351632,0.559985,0.648368,0.0,0.5,2.1,6.0,linear
266,89627,27310,0,0.351363,0.558508,0.648637,0.0,0.5,2.1,6.0,linear
267,89559,27580,0,0.349317,0.55586,0.650683,0.0,0.5,2.1,6.0,linear
268,89717,27438,0,0.349582,0.55532,0.650418,0.0,0.5,2.1,6.0,linear
269,89443,27509,0,0.347642,0.553632,0.652358,0.0,0.5,2.1,6.0,linear
270,90129,27606,0,0.34903,0.554308,0.65097,0.0,0.5,2.1,6.0,linear
271,90201,27757,0,0.347728,0.55271,0.652272,0.0,0.5,2.1,6.0,linear
272,90028,27843,0,0.346577,0.552277,0.653423,0.0,0.5,2.1,6.0,linear
273,90406,28135,0,0.346432,0.550621,0.653568,0.0,0.5,2.1,6.0,linear
274,90564,28299,0,0.346995,0.551859,0.653005,0.0,0.5,2.1,6.0,linear
275,90195,28197,0,0.347028,0.552101,0.652972,0.0,0.5,2.1,6.0,linear
276,90398,28135,0,0.347656,0.552937,0.652344,0.0,0.5,2.1,6.0,linear
277,90034,27738,0,0.348622,0.55503,0.651378,0.0,0.5,2.1,6.0,linear
278,89814,27540,0,0.350023,0.558302,0.649977,0.0,0.5,2.1,6.0,linear
279,89434,27273,0,0.351966,0.561484,0.648034,0.0,0.5,2.1,6.0,linear
280,89685,27368,0,0.352291,0.562158,0.647709,0.0,0.5,2.1,6.0,linear
281,89018,27107,0,0.352017,0.561715,0.647983,0.0,0.5,2.1,6.0,linear
282,89141,27079,0,0.351578,0.559692,0.648422,0.0,0.5,2.1,6.0,linear
283,89001,27112,0,0.351744,0.559705,0.648256,0.0,0.5,2.1,6.0,linear
284,89320,27251,0,0.351009,0.558571,0.648991,0.0,0.5,2.1,6.0,linear
285,89463,27310,0,0.351138,0.559326,0.648862,0.0,0.5,2.1,6.0,linear
286,89467,27451,0,0.351262,0.55971,0.648738,0.0,0.5,2.1,6.0,linear
287,89824,27405,0,0.350601,0.558326,0.649399,0.0,0.5,2.1,6.0,linear
288,89650,27383,0,0.350985,0.559665,0.649015,0.0,0.5,2.1,6.0,linear
289,90163,27580,0,0.351442,0.559382,0.648558,0.0,0.5,2.1,6.0,linear
290,89953,27699,0,0.349575,0.556216,0.650425,0.0,0.5,2.1,6.0,linear
291,89918,27521,0,0.350343,0.558466,0.649657,0.0,0.5,2.1,6.0,linear
292,90218,27370,0,0.349556,0.557621,0.650444,0.0,0.5,2.1,6.0,linear
293,89692,27229,0,0.349736,0.557262,0.650264,0.0,0.5,2.1,6.0,linear
294,90152,27548,0,0.350117,0.557895,0.649883,0.0,0.5,2.1,6.0,linear
295,89454,27277,0,0.349928,0.558,0.650072,0.0,0.5,2.1,6.0,linear
296,89237,27025,0,0.349772,0.556157,0.650228,0.0,0.5,2.1,6.0,linear
297,89121,26994,0,0.350108,0.557194,0.649892,0.0,0.5,2.1,6.0,linear
298,89185,27123,0,0.34922,0.556346,0.65078,0.0,0.5,2.1,6.0,linear
299,89228,27078,0,0.348831,0.554647,0.651169,0.0,0.5,2.1,6.0,linear
300,89783,27419,0,0.348482,0.554675,0.651518,0.0,0.5,2.1,6.0,linear
301,90012,27494,0,0.348684,0.554904,0.651316,0.0,0.5,2.1,6.0,linear
302,89895,27641,0,0.348592,0.555268,0.651408,0.0,0.5,2.1,6.0,linear
303,89868,27613,0,0.34777,0.553671,0.65223,0.0,0.5,2.1,6.0,linear
304,89902,27700,0,0.347645,0.55323,0.652355,0.0,0.5,2.1,6.0,linear
305,90280,27778,0,0.346296,0.550376,0.653704,0.0,0.5,2.1,6.0,linear
306,89727,27789,0,0.346694,0.551276,0.653306,0.0,0.5,2.1,6.0,linear
307,89894,27868,0,0.345183,0.548302,0.654817,0.0,0.5,2.1,6.0,linear
308,89867,27854,0,0.346097,0.550191,0.653903,0.0,0.5,2.1,6.0,linear
309,90469,28039,0,0.348462,0.554421,0.651538,0.0,0.5,2.1,6.0,linear
310,90217,27899,0,0.348587,0.554685,0.651413,0.0,0.5,2.1,6.0,linear
311,90373,27840,0,0.35021,0.557665,0.64979,0.0,0.5,2.1,6.0,linear
312,90009,27645,0,0.34944,0.555952,0.65056,0.0,0.5,2.1,6.0,linear
313,89971,27662,0,0.348884,0.555277,0.651116,0.0,0.5,2.1,6.0,linear
314,89672,27577,0,0.348226,0.555426,0.651774,0.0,0.5,2.1,6.0,linear
315,90068,27746,0,0.348349,0.55551,0.651651,0.0,0.5,2.1,6.0,linear
316,89924,27518,0,0.348565,0.556298,0.651435,0.0,0.5,2.1,6.0,linear
317,89425,27446,0,0.348541,0.554781,0.651459,0.0,0.5,2.1,6.0,linear

