generation,size,female_size,fertile_female_size,rate_dr,rate_has_drive,rate_complete_r2,rate_partial_r2,drive_efficiency,drop_ratio,low_density_growth_rate,density_growth_curve
1,77577,48946,48946,0.0,0.0,0.0,0.0,0.5,1.9,6.0,linear
2,78156,49208,49208,0.0,0.0,0.0,0.0,0.5,1.9,6.0,linear
3,80625,50501,50501,0.0,0.0,0.0,0.0,0.5,1.9,6.0,linear
4,80201,50667,50667,0.0,0.0,0.0,0.0,0.5,1.9,6.0,linear
5,79230,50619,50619,0.0,0.0,0.0,0.0,0.5,1.9,6.0,linear
6,78548,50268,50268,0.0,0.0,0.0,0.0,0.5,1.9,6.0,linear
7,77993,50081,50081,0.0,0.0,0.0,0.0,0.5,1.9,6.0,linear
8,77973,49852,49852,0.0,0.0,0.0,0.0,0.5,1.9,6.0,linear
9,78786,50107,50107,0.0,0.0,0.0,0.0,0.5,1.9,6.0,linear
10,78230,49590,49590,0.0,0.0,0.0,0.0,0.5,1.9,6.0,linear
11,77213,49141,49141,0.0,0.0,0.0,0.0,0.5,1.9,6.0,linear
12,90026,49770,49770,0.111653,0.126854,0.0,0.0,0.5,1.9,6.0,linear
13,95170,48607,48607,0.174888,0.211319,0.0,0.0,0.5,1.9,6.0,linear
14,91846,45521,45521,0.204122,0.269459,6.88739e-05,0.0,0.5,1.9,6.0,linear
15,89723,42186,42178,0.236077,0.335226,0.00048791,0.0,0.5,1.9,6.0,linear
16,88996,38917,38848,0.266723,0.397742,0.00135798,0.0,0.5,1.9,6.0,linear
17,89046,35910,35738,0.292909,0.453462,0.00303461,0.0,0.5,1.9,6.0,linear
18,88800,32854,32489,0.313302,0.496111,0.00572853,0.0,0.5,1.9,6.0,linear
19,88909,30722,30058,0.33078,0.530868,0.0095876,0.0,0.5,1.9,6.0,linear
20,88759,29072,27976,0.34359,0.55705,0.0143346,0.0,0.5,1.9,6.0,linear
21,87494,27411,25874,0.352319,0.573969,0.0195314,0.0,0.5,1.9,6.0,linear
22,86425,26099,24086,0.359748,0.588023,0.026247,0.0,0.5,1.9,6.0,linear
23,85546,24921,22319,0.367174,0.598944,0.0327701,0.0,0.5,1.9,6.0,linear
24,84191,23927,20878,0.372535,0.609904,0.0411355,0.0,0.5,1.9,6.0,linear
25,83093,22849,19224,0.377861,0.618814,0.0495231,0.0,0.5,1.9,6.0,linear
26,81940,22289,18149,0.382044,0.626324,0.0589013,0.0,0.5,1.9,6.0,linear
27,80722,21648,16997,0.387519,0.633843,0.067783,0.0,0.5,1.9,6.0,linear
28,79201,20842,15836,0.390357,0.638566,0.0776002,0.0,0.5,1.9,6.0,linear
29,78840,20347,14805,0.395147,0.645853,0.085603,0.0,0.5,1.9,6.0,linear
30,77754,19682,13773,0.398684,0.651266,0.0958436,0.0,0.5,1.9,6.0,linear
31,76938,19285,12958,0.401356,0.655253,0.106376,0.0,0.5,1.9,6.0,linear
32,75599,18680,11907,0.40309,0.65663,0.116829,0.0,0.5,1.9,6.0,linear
33,75074,18486,11282,0.40424,0.658074,0.127769,0.0,0.5,1.9,6.0,linear
34,74440,18240,10598,0.40743,0.662529,0.138074,0.0,0.5,1.9,6.0,linear
35,73546,17643,9757,0.409114,0.663785,0.149028,0.0,0.5,1.9,6.0,linear
36,73036,17325,9068,0.410225,0.665498,0.158862,0.0,0.5,1.9,6.0,linear
37,72669,17143,8557,0.412068,0.668658,0.169088,0.0,0.5,1.9,6.0,linear
38,72022,16857,7994,0.413059,0.669075,0.178652,0.0,0.5,1.9,6.0,linear
39,71714,16761,7513,0.41453,0.66926,0.190386,0.0,0.5,1.9,6.0,linear
40,70777,16659,6934,0.413976,0.669527,0.200509,0.0,0.5,1.9,6.0,linear
41,70701,16614,6540,0.414561,0.669383,0.212756,0.0,0.5,1.9,6.0,linear
42,70239,16530,6147,0.413486,0.667775,0.224538,0.0,0.5,1.9,6.0,linear
43,70329,16551,5760,0.413629,0.666567,0.235951,0.0,0.5,1.9,6.0,linear
44,70261,16730,5499,0.413556,0.66631,0.248366,0.0,0.5,1.9,6.0,linear
45,70061,16601,5025,0.413605,0.666268,0.259489,0.0,0.5,1.9,6.0,linear
46,70276,16768,4729,0.41192,0.663506,0.271749,0.0,0.5,1.9,6.0,linear
47,70451,16806,4385,0.411599,0.663792,0.2816,0.0,0.5,1.9,6.0,linear
48,70844,16789,4142,0.410022,0.661482,0.292857,0.0,0.5,1.9,6.0,linear
49,71107,16988,3852,0.409386,0.660228,0.302496,0.0,0.5,1.9,6.0,linear
50,71209,16989,3651,0.40837,0.657926,0.312557,0.0,0.5,1.9,6.0,linear
51,71238,17203,3377,0.40794,0.657043,0.323645,0.0,0.5,1.9,6.0,linear
52,71167,17347,3183,0.40439,0.650661,0.336427,0.0,0.5,1.9,6.0,linear
53,71678,17838,3091,0.400997,0.645899,0.346406,0.0,0.5,1.9,6.0,linear
54,72251,18141,2964,0.399273,0.642445,0.355818,0.0,0.5,1.9,6.0,linear
55,73128,18437,2741,0.39646,0.63829,0.366787,0.0,0.5,1.9,6.0,linear
56,73702,18836,2574,0.392872,0.633394,0.378246,0.0,0.5,1.9,6.0,linear
57,74353,19039,2376,0.391185,0.631434,0.387474,0.0,0.5,1.9,6.0,linear
58,75252,19424,2302,0.388179,0.627023,0.398237,0.0,0.5,1.9,6.0,linear
59,76192,19884,2127,0.38605,0.624089,0.408579,0.0,0.5,1.9,6.0,linear
60,77035,20241,2026,0.383436,0.619603,0.418818,0.0,0.5,1.9,6.0,linear
61,77496,20719,1880,0.38024,0.613885,0.430299,0.0,0.5,1.9,6.0,linear
62,78109,21148,1757,0.377174,0.608961,0.439081,0.0,0.5,1.9,6.0,linear
63,78615,21565,1676,0.374733,0.605598,0.44802,0.0,0.5,1.9,6.0,linear
64,79433,21964,1626,0.372077,0.602762,0.457736,0.0,0.5,1.9,6.0,linear
65,80954,22521,1535,0.370988,0.599485,0.464869,0.0,0.5,1.9,6.0,linear
66,80687,22667,1403,0.368593,0.597271,0.471842,0.0,0.5,1.9,6.0,linear
67,81478,23127,1352,0.364377,0.589998,0.481033,0.0,0.5,1.9,6.0,linear
68,82211,23699,1244,0.362949,0.586965,0.487691,0.0,0.5,1.9,6.0,linear
69,82843,24094,1169,0.361186,0.5855,0.494503,0.0,0.5,1.9,6.0,linear
70,83590,24285,1106,0.359697,0.582822,0.501899,0.0,0.5,1.9,6.0,linear
71,84085,24644,1052,0.358016,0.580772,0.50733,0.0,0.5,1.9,6.0,linear
72,84417,24801,977,0.355977,0.577076,0.514926,0.0,0.5,1.9,6.0,linear
73,85116,25265,903,0.353736,0.572706,0.52203,0.0,0.5,1.9,6.0,linear
74,85434,25724,867,0.350124,0.566109,0.530117,0.0,0.5,1.9,6.0,linear
75,85766,25994,788,0.347553,0.563149,0.536276,0.0,0.5,1.9,6.0,linear
76,86519,26218,758,0.346397,0.560967,0.542185,0.0,0.5,1.9,6.0,linear
77,87226,26648,706,0.346086,0.560213,0.546513,0.0,0.5,1.9,6.0,linear
78,87128,26756,647,0.344298,0.556942,0.552672,0.0,0.5,1.9,6.0,linear
79,87353,26926,591,0.344794,0.557311,0.556415,0.0,0.5,1.9,6.0,linear
80,87347,26896,528,0.343372,0.554776,0.561662,0.0,0.5,1.9,6.0,linear
81,87704,26977,481,0.343037,0.553575,0.565136,0.0,0.5,1.9,6.0,linear
82,87552,27261,444,0.339799,0.548811,0.57217,0.0,0.5,1.9,6.0,linear
83,88116,27659,435,0.339341,0.548596,0.576338,0.0,0.5,1.9,6.0,linear
84,88004,27718,409,0.339959,0.550014,0.579416,0.0,0.5,1.9,6.0,linear
85,88155,27614,372,0.339267,0.548178,0.583244,0.0,0.5,1.9,6.0,linear
86,88168,27645,349,0.338121,0.546337,0.586653,0.0,0.5,1.9,6.0,linear
87,88302,27745,327,0.337836,0.545978,0.589507,0.0,0.5,1.9,6.0,linear
88,88675,27857,309,0.337313,0.54423,0.592553,0.0,0.5,1.9,6.0,linear
89,88609,27998,288,0.336719,0.542884,0.596939,0.0,0.5,1.9,6.0,linear
90,88500,28088,292,0.334721,0.53951,0.600845,0.0,0.5,1.9,6.0,linear
91,88456,28252,287,0.332667,0.536391,0.605254,0.0,0.5,1.9,6.0,linear
92,89114,28383,274,0.333085,0.535892,0.607812,0.0,0.5,1.9,6.0,linear
93,89251,28628,254,0.333871,0.537475,0.608459,0.0,0.5,1.9,6.0,linear
94,89386,28745,208,0.333517,0.53769,0.610574,0.0,0.5,1.9,6.0,linear
95,89445,28517,169,0.332853,0.536416,0.612766,0.0,0.5,1.9,6.0,linear
96,89181,28732,150,0.331932,0.533751,0.615532,0.0,0.5,1.9,6.0,linear
97,89373,28740,134,0.331422,0.533549,0.618023,0.0,0.5,1.9,6.0,linear
98,89503,28820,129,0.331286,0.533105,0.619773,0.0,0.5,1.9,6.0,linear
99,89735,28881,127,0.33283,0.535247,0.620064,0.0,0.5,1.9,6.0,linear
100,89407,28971,122,0.333461,0.537484,0.620928,0.0,0.5,1.9,6.0,linear
101,89034,28654,107,0.332403,0.535351,0.623407,0.0,0.5,1.9,6.0,linear
102,89533,28922,100,0.332305,0.535579,0.625525,0.0,0.5,1.9,6.0,linear
103,89699,28906,89,0.331973,0.534883,0.627459,0.0,0.5,1.9,6.0,linear
104,89296,28716,86,0.331802,0.534865,0.628934,0.0,0.5,1.9,6.0,linear
105,89226,28724,82,0.332261,0.534427,0.629658,0.0,0.5,1.9,6.0,linear
106,89267,28614,78,0.331385,0.533241,0.632748,0.0,0.5,1.9,6.0,linear
107,89578,28765,67,0.330449,0.531746,0.634844,0.0,0.5,1.9,6.0,linear
108,89352,28853,68,0.331309,0.532963,0.635398,0.0,0.5,1.9,6.0,linear
109,89498,28932,66,0.330589,0.531826,0.637521,0.0,0.5,1.9,6.0,linear
110,89451,28937,52,0.330922,0.532301,0.638071,0.0,0.5,1.9,6.0,linear
111,89204,28795,47,0.330381,0.530113,0.640168,0.0,0.5,1.9,6.0,linear
112,89198,28912,46,0.330514,0.531973,0.640847,0.0,0.5,1.9,6.0,linear
113,89091,28748,46,0.330889,0.532699,0.641771,0.0,0.5,1.9,6.0,linear
114,89401,28694,35,0.330548,0.531951,0.642728,0.0,0.5,1.9,6.0,linear
115,89186,28701,31,0.329088,0.529622,0.644803,0.0,0.5,1.9,6.0,linear
116,89792,28959,32,0.330809,0.532219,0.644018,0.0,0.5,1.9,6.0,linear
117,90028,29106,33,0.329755,0.530784,0.645803,0.0,0.5,1.9,6.0,linear
118,89529,29058,40,0.329124,0.530344,0.64729,0.0,0.5,1.9,6.0,linear
119,89695,29377,39,0.329304,0.52929,0.647857,0.0,0.5,1.9,6.0,linear
120,89451,29392,34,0.329275,0.529523,0.648221,0.0,0.5,1.9,6.0,linear
121,89716,29397,31,0.32837,0.527855,0.649871,0.0,0.5,1.9,6.0,linear
122,89505,29453,27,0.327554,0.526998,0.651566,0.0,0.5,1.9,6.0,linear
123,89651,29312,28,0.327912,0.528029,0.65184,0.0,0.5,1.9,6.0,linear
124,89862,29348,27,0.329893,0.530909,0.65063,0.0,0.5,1.9,6.0,linear
125,89745,29042,27,0.330627,0.531894,0.650697,0.0,0.5,1.9,6.0,linear
126,89652,29080,22,0.331121,0.532703,0.650635,0.0,0.5,1.9,6.0,linear
127,89386,28882,21,0.331686,0.534498,0.651087,0.0,0.5,1.9,6.0,linear
128,89515,28983,20,0.331293,0.533481,0.652174,0.0,0.5,1.9,6.0,linear
129,89389,29041,20,0.33071,0.533523,0.652903,0.0,0.5,1.9,6.0,linear
130,89797,29100,23,0.330469,0.532404,0.653827,0.0,0.5,1.9,6.0,linear
131,89953,29079,19,0.330682,0.531817,0.654045,0.0,0.5,1.9,6.0,linear
132,89729,29087,21,0.329381,0.529892,0.655274,0.0,0.5,1.9,6.0,linear
133,89321,28925,13,0.329388,0.530525,0.656095,0.0,0.5,1.9,6.0,linear
134,89408,28878,13,0.329065,0.529765,0.65747,0.0,0.5,1.9,6.0,linear
135,89543,29113,13,0.329781,0.531404,0.657629,0.0,0.5,1.9,6.0,linear
136,89381,29059,11,0.329197,0.530435,0.658901,0.0,0.5,1.9,6.0,linear
137,89946,29403,9,0.32901,0.528738,0.659991,0.0,0.5,1.9,6.0,linear
138,89978,29460,6,0.329241,0.528511,0.660339,0.0,0.5,1.9,6.0,linear
139,89969,29491,6,0.328254,0.527096,0.66158,0.0,0.5,1.9,6.0,linear
140,89848,29408,9,0.328564,0.52769,0.661595,0.0,0.5,1.9,6.0,linear
141,89903,29337,9,0.328144,0.528139,0.662211,0.0,0.5,1.9,6.0,linear
142,89868,29335,7,0.328921,0.52879,0.66196,0.0,0.5,1.9,6.0,linear
143,89575,29110,2,0.330015,0.53183,0.661343,0.0,0.5,1.9,6.0,linear
144,89542,29066,1,0.330128,0.531247,0.661463,0.0,0.5,1.9,6.0,linear
145,89784,29309,3,0.329805,0.530315,0.662044,0.0,0.5,1.9,6.0,linear
146,89694,29363,3,0.329073,0.529225,0.663142,0.0,0.5,1.9,6.0,linear
147,89488,29344,4,0.328529,0.528203,0.664071,0.0,0.5,1.9,6.0,linear
148,89650,29002,3,0.328939,0.528906,0.664033,0.0,0.5,1.9,6.0,linear
149,89680,29124,2,0.328862,0.52978,0.664675,0.0,0.5,1.9,6.0,linear
150,89703,29113,1,0.329029,0.529672,0.664625,0.0,0.5,1.9,6.0,linear
151,89747,28954,0,0.329864,0.530588,0.664219,0.0,0.5,1.9,6.0,linear
152,89895,28975,0,0.32913,0.529829,0.665274,0.0,0.5,1.9,6.0,linear
153,89798,29172,0,0.328373,0.528829,0.666328,0.0,0.5,1.9,6.0,linear
154,89904,29309,0,0.327037,0.525954,0.667862,0.0,0.5,1.9,6.0,linear
155,89700,29351,1,0.327172,0.525355,0.66822,0.0,0.5,1.9,6.0,linear
156,89744,29383,1,0.327501,0.526017,0.66802,0.0,0.5,1.9,6.0,linear
157,89827,29478,1,0.328125,0.527767,0.667651,0.0,0.5,1.9,6.0,linear
158,89768,29496,1,0.327588,0.526929,0.668286,0.0,0.5,1.9,6.0,linear
159,90220,29777,1,0.328426,0.527926,0.667589,0.0,0.5,1.9,6.0,linear
160,90012,29531,1,0.328698,0.529325,0.66748,0.0,0.5,1.9,6.0,linear
161,90183,29703,0,0.328432,0.527834,0.66767,0.0,0.5,1.9,6.0,linear
162,89812,29607,0,0.330094,0.531066,0.666266,0.0,0.5,1.9,6.0,linear
163,89717,29605,0,0.330128,0.530818,0.666376,0.0,0.5,1.9,6.0,linear
164,89616,29222,0,0.330823,0.532361,0.665775,0.0,0.5,1.9,6.0,linear
165,89489,28973,0,0.33006,0.531571,0.666713,0.0,0.5,1.9,6.0,linear
166,89604,28849,0,0.330646,0.532813,0.666331,0.0,0.5,1.9,6.0,linear
167,89299,28717,0,0.330591,0.5326,0.666524,0.0,0.5,1.9,6.0,linear
168,89278,28776,0,0.331297,0.534567,0.665985,0.0,0.5,1.9,6.0,linear
169,89617,28833,0,0.330609,0.532355,0.666977,0.0,0.5,1.9,6.0,linear
170,89799,29139,0,0.329896,0.529656,0.667814,0.0,0.5,1.9,6.0,linear
171,89911,29409,0,0.327776,0.526413,0.670106,0.0,0.5,1.9,6.0,linear
172,90035,29461,0,0.328321,0.527644,0.669509,0.0,0.5,1.9,6.0,linear
173,90056,29444,0,0.32788,0.52756,0.670125,0.0,0.5,1.9,6.0,linear
174,89521,29375,0,0.329452,0.530693,0.668729,0.0,0.5,1.9,6.0,linear
175,89626,29250,0,0.331144,0.532055,0.667116,0.0,0.5,1.9,6.0,linear
176,89545,29033,0,0.329468,0.52942,0.66888,0.0,0.5,1.9,6.0,linear
177,89516,29163,0,0.328694,0.528575,0.66976,0.0,0.5,1.9,6.0,linear
178,90028,29270,0,0.328503,0.527997,0.669939,0.0,0.5,1.9,6.0,linear
179,89742,29311,0,0.328576,0.528588,0.669866,0.0,0.5,1.9,6.0,linear
180,89692,29277,0,0.32814,0.527986,0.6704,0.0,0.5,1.9,6.0,linear
181,89927,29369,0,0.32854,0.527817,0.670044,0.0,0.5,1.9,6.0,linear
182,90156,29576,0,0.328214,0.526615,0.670479,0.0,0.5,1.9,6.0,linear
183,89709,29411,0,0.3273,0.525699,0.671451,0.0,0.5,1.9,6.0,linear
184,90657,29599,0,0.326449,0.523582,0.672427,0.0,0.5,1.9,6.0,linear
185,90611,29787,0,0.327122,0.525831,0.671857,0.0,0.5,1.9,6.0,linear
186,90510,29761,0,0.327395,0.526518,0.671688,0.0,0.5,1.9,6.0,linear
187,89867,29463,0,0.327008,0.526291,0.672018,0.0,0.5,1.9,6.0,linear
188,89733,29504,0,0.326747,0.526128,0.672322,0.0,0.5,1.9,6.0,linear
189,90211,29619,0,0.327443,0.526273,0.671627,0.0,0.5,1.9,6.0,linear
190,90297,29557,0,0.327817,0.526214,0.671345,0.0,0.5,1.9,6.0,linear
191,89978,29630,0,0.327071,0.52603,0.672187,0.0,0.5,1.9,6.0,linear
192,89866,29525,0,0.32808,0.527975,0.671159,0.0,0.5,1.9,6.0,linear
193,90071,29494,0,0.329658,0.530579,0.669548,0.0,0.5,1.9,6.0,linear
194,89941,29368,0,0.328641,0.528417,0.670531,0.0,0.5,1.9,6.0,linear
195,90459,29286,0,0.329743,0.52985,0.669438,0.0,0.5,1.9,6.0,linear
196,89982,29114,0,0.328227,0.528398,0.670896,0.0,0.5,1.9,6.0,linear
197,90092,29298,0,0.327713,0.527155,0.671493,0.0,0.5,1.9,6.0,linear
198,89930,29230,0,0.327876,0.527094,0.67132,0.0,0.5,1.9,6.0,linear
199,89345,29014,0,0.32646,0.524872,0.672744,0.0,0.5,1.9,6.0,linear
200,90225,29301,1,0.326467,0.523429,0.672824,0.0,0.5,1.9,6.0,linear
201,90494,29633,1,0.327295,0.524999,0.672012,0.0,0.5,1.9,6.0,linear
202,90534,29786,1,0.327141,0.526048,0.672194,0.0,0.5,1.9,6.0,linear
203,90167,29684,1,0.326838,0.525371,0.672605,0.0,0.5,1.9,6.0,linear
204,90187,29575,1,0.325043,0.522838,0.674393,0.0,0.5,1.9,6.0,linear
205,90406,29743,1,0.326955,0.525907,0.672471,0.0,0.5,1.9,6.0,linear
206,90575,29533,0,0.326747,0.525132,0.672719,0.0,0.5,1.9,6.0,linear
207,90023,29513,0,0.325663,0.523511,0.673772,0.0,0.5,1.9,6.0,linear
208,89812,29503,0,0.324861,0.521884,0.674526,0.0,0.5,1.9,6.0,linear
209,89903,29518,0,0.32453,0.521415,0.674821,0.0,0.5,1.9,6.0,linear
210,90303,29776,0,0.324686,0.521024,0.674649,0.0,0.5,1.9,6.0,linear
211,90242,29986,0,0.324715,0.521723,0.674551,0.0,0.5,1.9,6.0,linear
212,90177,30061,0,0.325316,0.522232,0.673948,0.0,0.5,1.9,6.0,linear
213,90234,30041,0,0.325313,0.522783,0.673994,0.0,0.5,1.9,6.0,linear
214,90256,29752,0,0.326309,0.524716,0.67303,0.0,0.5,1.9,6.0,linear
215,90512,29593,0,0.325185,0.522266,0.674201,0.0,0.5,1.9,6.0,linear
216,90205,29553,0,0.325944,0.523834,0.673463,0.0,0.5,1.9,6.0,linear
217,90272,29557,0,0.325591,0.52272,0.673932,0.0,0.5,1.9,6.0,linear
218,89918,29403,0,0.326384,0.524725,0.673094,0.0,0.5,1.9,6.0,linear
219,89747,29404,0,0.325837,0.523398,0.673634,0.0,0.5,1.9,6.0,linear
220,90073,29651,0,0.325423,0.522637,0.674066,0.0,0.5,1.9,6.0,linear
221,90156,29704,0,0.325571,0.523636,0.673969,0.0,0.5,1.9,6.0,linear
222,90407,29852,0,0.325775,0.52351,0.673752,0.0,0.5,1.9,6.0,linear
223,89772,29809,0,0.324685,0.522,0.674749,0.0,0.5,1.9,6.0,linear
224,90146,29850,0,0.324857,0.522759,0.674668,0.0,0.5,1.9,6.0,linear
225,90242,29643,0,0.324472,0.52177,0.675072,0.0,0.5,1.9,6.0,linear
226,90557,29936,0,0.324938,0.522709,0.674655,0.0,0.5,1.9,6.0,linear
227,90069,29710,0,0.327177,0.525739,0.6725,0.0,0.5,1.9,6.0,linear
228,89726,29449,0,0.327406,0.52665,0.672267,0.0,0.5,1.9,6.0,linear
229,90004,29461,0,0.327919,0.52778,0.671692,0.0,0.5,1.9,6.0,linear
230,89868,29217,0,0.328593,0.528365,0.671047,0.0,0.5,1.9,6.0,linear
231,89852,29346,0,0.327783,0.52615,0.671886,0.0,0.5,1.9,6.0,linear
232,89638,29308,0,0.327235,0.525355,0.672442,0.0,0.5,1.9,6.0,linear
233,89989,29545,0,0.326917,0.525087,0.672746,0.0,0.5,1.9,6.0,linear
234,90201,29739,0,0.327632,0.52682,0.672101,0.0,0.5,1.9,6.0,linear
235,89922,29381,0,0.326909,0.525286,0.672828,0.0,0.5,1.9,6.0,linear
236,90190,29515,0,0.32817,0.527464,0.671572,0.0,0.5,1.9,6.0,linear
237,89943,29377,0,0.327235,0.52656,0.672532,0.0,0.5,1.9,6.0,linear
238,89948,29306,0,0.328754,0.527971,0.671037,0.0,0.5,1.9,6.0,linear
239,89958,29324,0,0.32688,0.525529,0.672936,0.0,0.5,1.9,6.0,linear
240,89851,29327,0,0.32873,0.528818,0.671124,0.0,0.5,1.9,6.0,linear
241,89712,29238,0,0.328902,0.528775,0.670929,0.0,0.5,1.9,6.0,linear
242,89633,29065,0,0.329678,0.530109,0.67012,0.0,0.5,1.9,6.0,linear
243,89849,29183,0,0.329046,0.529467,0.670744,0.0,0.5,1.9,6.0,linear
244,89919,29179,0,0.328232,0.528602,0.671558,0.0,0.5,1.9,6.0,linear
245,90292,29278,0,0.328193,0.527435,0.671623,0.0,0.5,1.9,6.0,linear
246,89990,29303,0,0.327942,0.526635,0.671875,0.0,0.5,1.9,6.0,linear
247,89905,29417,0,0.326685,0.524968,0.673136,0.0,0.5,1.9,6.0,linear
248,90292,29552,0,0.325761,0.523597,0.674092,0.0,0.5,1.9,6.0,linear
249,90325,29556,0,0.326804,0.524999,0.673009,0.0,0.5,1.9,6.0,linear
250,90130,29606,0,0.32664,0.525279,0.673169,0.0,0.5,1.9,6.0,linear
251,89956,29700,0,0.325817,0.523959,0.673991,0.0,0.5,1.9,6.0,linear
252,89846,29761,0,0.326169,0.523634,0.67361,0.0,0.5,1.9,6.0,linear
253,89772,29663,0,0.326121,0.524449,0.673676,0.0,0.5,1.9,6.0,linear
254,90232,29756,0,0.326542,0.524831,0.67326,0.0,0.5,1.9,6.0,linear
255,90329,29620,0,0.326347,0.525419,0.673462,0.0,0.5,1.9,6.0,linear
256,90440,29502,0,0.327205,0.52655,0.672634,0.0,0.5,1.9,6.0,linear
257,90428,29517,0,0.327879,0.527824,0.671946,0.0,0.5,1.9,6.0,linear
258,90220,29378,0,0.326554,0.524654,0.673293,0.0,0.5,1.9,6.0,linear
259,90147,29508,0,0.326176,0.524227,0.673667,0.0,0.5,1.9,6.0,linear
260,90244,29474,0,0.324868,0.521029,0.674978,0.0,0.5,1.9,6.0,linear
261,90053,29688,0,0.323614,0.519361,0.676236,0.0,0.5,1.9,6.0,linear
262,90213,29845,0,0.324551,0.520969,0.675284,0.0,0.5,1.9,6.0,linear
263,90117,29815,0,0.325822,0.524346,0.674021,0.0,0.5,1.9,6.0,linear
264,90138,29641,0,0.326057,0.52459,0.673831,0.0,0.5,1.9,6.0,linear
265,90350,29881,0,0.325866,0.523942,0.674022,0.0,0.5,1.9,6.0,linear
266,90264,29792,0,0.325839,0.523507,0.674067,0.0,0.5,1.9,6.0,linear
267,90429,29784,0,0.325486,0.523185,0.674405,0.0,0.5,1.9,6.0,linear
268,90044,29599,0,0.327124,0.526347,0.672764,0.0,0.5,1.9,6.0,linear
269,90100,29432,0,0.327792,0.527509,0.672085,0.0,0.5,1.9,6.0,linear
270,90152,29575,0,0.327214,0.52592,0.6727,0.0,0.5,1.9,6.0,linear
271,89540,29271,0,0.327549,0.525739,0.672368,0.0,0.5,1.9,6.0,linear
272,89914,29484,0,0.327731,0.527033,0.672198,0.0,0.5,1.9,6.0,linear
273,89592,29306,0,0.327877,0.526219,0.672033,0.0,0.5,1.9,6.0,linear
274,90194,29313,0,0.329101,0.529154,0.670805,0.0,0.5,1.9,6.0,linear
275,90211,29161,0,0.329603,0.529664,0.670326,0.0,0.5,1.9,6.0,linear
276,90206,29250,0,0.32842,0.52739,0.671509,0.0,0.5,1.9,6.0,linear
277,89963,29398,0,0.327757,0.526238,0.672172,0.0,0.5,1.9,6.0,linear
278,89809,29595,0,0.327013,0.526138,0.672935,0.0,0.5,1.9,6.0,linear
279,89917,29555,0,0.326875,0.526115,0.673084,0.0,0.5,1.9,6.0,linear
280,89737,29649,0,0.326956,0.526721,0.673011,0.0,0.5,1.9,6.0,linear
281,90155,29507,0,0.328194,0.527926,0.671784,0.0,0.5,1.9,6.0,linear
282,89511,29218,0,0.327916,0.527666,0.672069,0.0,0.5,1.9,6.0,linear
283,89648,29281,0,0.327482,0.527744,0.672503,0.0,0.5,1.9,6.0,linear
284,89815,29201,0,0.328097,0.527019,0.671892,0.0,0.5,1.9,6.0,linear
285,90173,29372,0,0.330446,0.531255,0.669546,0.0,0.5,1.9,6.0,linear
286,89240,29162,0,0.32915,0.529855,0.67085,0.0,0.5,1.9,6.0,linear
287,89072,28972,0,0.330099,0.531148,0.669901,0.0,0.5,1.9,6.0,linear
288,89166,28995,0,0.330562,0.531881,0.669438,0.0,0.5,1.9,6.0,linear
289,89107,28947,0,0.330301,0.531122,0.669699,0.0,0.5,1.9,6.0,linear
290,89380,28882,0,0.330249,0.531541,0.669751,0.0,0.5,1.9,6.0,linear
291,89393,29112,0,0.327998,0.527627,0.672002,0.0,0.5,1.9,6.0,linear
292,89950,29279,0,0.327857,0.527805,0.672143,0.0,0.5,1.9,6.0,linear
293,89729,29082,0,0.32882,0.528092,0.67118,0.0,0.5,1.9,6.0,linear
294,89779,29066,0,0.329737,0.529731,0.670263,0.0,0.5,1.9,6.0,linear
295,89609,29063,0,0.329017,0.529563,0.670983,0.0,0.5,1.9,6.0,linear
296,89796,28992,0,0.33006,0.532252,0.66994,0.0,0.5,1.9,6.0,linear
297,89832,29000,0,0.330076,0.531507,0.669924,0.0,0.5,1.9,6.0,linear
298,89712,29006,0,0.329617,0.529812,0.670383,0.0,0.5,1.9,6.0,linear
299,89778,29130,0,0.329327,0.529413,0.670673,0.0,0.5,1.9,6.0,linear
300,89630,29325,0,0.329203,0.528996,0.670797,0.0,0.5,1.9,6.0,linear
301,89426,29242,0,0.327935,0.52717,0.672065,0.0,0.5,1.9,6.0,linear
302,89926,29495,0,0.328155,0.527333,0.671845,0.0,0.5,1.9,6.0,linear
303,89804,29447,0,0.328351,0.527984,0.671649,0.0,0.5,1.9,6.0,linear
304,90044,29310,0,0.327424,0.52661,0.672576,0.0,0.5,1.9,6.0,linear
305,90019,29459,0,0.328521,0.528715,0.671479,0.0,0.5,1.9,6.0,linear
306,90227,29435,0,0.329083,0.529184,0.670917,0.0,0.5,1.9,6.0,linear
307,90156,29342,0,0.328238,0.528338,0.671762,0.0,0.5,1.9,6.0,linear
308,90095,29346,0,0.328049,0.527824,0.671951,0.0,0.5,1.9,6.0,linear
309,89939,29260,0,0.326901,0.525397,0.673099,0.0,0.5,1.9,6.0,linear
310,90119,29398,0,0.327168,0.526158,0.672832,0.0,0.5,1.9,6.0,linear
311,89477,29287,0,0.328086,0.527627,0.671914,0.0,0.5,1.9,6.0,linear
312,89763,29361,0,0.328139,0.527779,0.671861,0.0,0.5,1.9,6.0,linear
313,90015,29345,0,0.328256,0.527882,0.671744,0.0,0.5,1.9,6.0,linear
314,89967,29459,0,0.328367,0.528339,0.671633,0.0,0.5,1.9,6.0,linear
315,89842,29368,0,0.329108,0.52941,0.670892,0.0,0.5,1.9,6.0,linear
316,89776,29230,0,0.328734,0.529143,0.671266,0.0,0.5,1.9,6.0,linear
317,89632,29215,0,0.328531,0.528945,0.671469,0.0,0.5,1.9,6.0,linear

