generation,size,female_size,fertile_female_size,rate_dr,rate_has_drive,rate_complete_r2,rate_partial_r2,drive_efficiency,drop_ratio,low_density_growth_rate,density_growth_curve
1,78364,49161,49161,0.0,0.0,0.0,0.0,0.5,1.0,6.0,linear
2,78225,49159,49159,0.0,0.0,0.0,0.0,0.5,1.0,6.0,linear
3,80219,50410,50410,0.0,0.0,0.0,0.0,0.5,1.0,6.0,linear
4,80596,50914,50914,0.0,0.0,0.0,0.0,0.5,1.0,6.0,linear
5,78129,49776,49776,0.0,0.0,0.0,0.0,0.5,1.0,6.0,linear
6,77181,49518,49518,0.0,0.0,0.0,0.0,0.5,1.0,6.0,linear
7,77499,49607,49607,0.0,0.0,0.0,0.0,0.5,1.0,6.0,linear
8,78670,49949,49949,0.0,0.0,0.0,0.0,0.5,1.0,6.0,linear
9,78759,49822,49822,0.0,0.0,0.0,0.0,0.5,1.0,6.0,linear
10,78784,50022,50022,0.0,0.0,0.0,0.0,0.5,1.0,6.0,linear
11,78245,49981,49981,0.0,0.0,0.0,0.0,0.5,1.0,6.0,linear
12,85696,50661,50661,0.0621089,0.0714116,0.0,0.0,0.5,1.0,6.0,linear
13,86687,48926,48926,0.104364,0.130298,0.0,0.0,0.5,1.0,6.0,linear
14,83762,46296,46296,0.126821,0.175326,0.000112923,0.0,0.5,1.0,6.0,linear
15,83416,44570,44559,0.150564,0.223288,0.000695763,0.0,0.5,1.0,6.0,linear
16,82888,42430,42350,0.17302,0.269658,0.00209145,0.0,0.5,1.0,6.0,linear
17,83202,40356,40119,0.192977,0.311713,0.00457442,0.0,0.5,1.0,6.0,linear
18,83886,38636,38115,0.209853,0.34633,0.00832568,0.0,0.5,1.0,6.0,linear
19,84528,37293,36343,0.223954,0.375141,0.0134647,0.0,0.5,1.0,6.0,linear
20,84478,36251,34739,0.234024,0.396506,0.0198404,0.0,0.5,1.0,6.0,linear
21,84554,35019,32935,0.242163,0.412091,0.0273623,0.0,0.5,1.0,6.0,linear
22,84568,34460,31572,0.248651,0.426624,0.0358547,0.0,0.5,1.0,6.0,linear
23,84958,33802,30136,0.255031,0.439427,0.0447936,0.0,0.5,1.0,6.0,linear
24,84355,33020,28548,0.260875,0.450222,0.0550685,0.0,0.5,1.0,6.0,linear
25,84062,32672,27253,0.264549,0.457147,0.0657047,0.0,0.5,1.0,6.0,linear
26,83697,32138,25880,0.266753,0.46249,0.077283,0.0,0.5,1.0,6.0,linear
27,83508,31813,24543,0.268024,0.465029,0.0894889,0.0,0.5,1.0,6.0,linear
28,83538,31407,23313,0.270511,0.469583,0.102187,0.0,0.5,1.0,6.0,linear
29,83625,31228,22228,0.270656,0.47011,0.115674,0.0,0.5,1.0,6.0,linear
30,83469,31060,21246,0.27115,0.472165,0.128222,0.0,0.5,1.0,6.0,linear
31,83749,30984,20319,0.270843,0.471155,0.140378,0.0,0.5,1.0,6.0,linear
32,83701,31219,19619,0.27064,0.470106,0.154004,0.0,0.5,1.0,6.0,linear
33,83611,31350,18677,0.269967,0.468812,0.167934,0.0,0.5,1.0,6.0,linear
34,83673,31399,17703,0.269543,0.467668,0.182383,0.0,0.5,1.0,6.0,linear
35,83659,31410,16834,0.26967,0.468553,0.196673,0.0,0.5,1.0,6.0,linear
36,83638,31429,15990,0.267466,0.46379,0.21103,0.0,0.5,1.0,6.0,linear
37,83713,31589,15217,0.267094,0.4627,0.22374,0.0,0.5,1.0,6.0,linear
38,83461,31646,14711,0.267295,0.463192,0.236161,0.0,0.5,1.0,6.0,linear
39,83944,31795,13992,0.266509,0.461621,0.249289,0.0,0.5,1.0,6.0,linear
40,84107,32017,13288,0.265162,0.459928,0.262225,0.0,0.5,1.0,6.0,linear
41,84287,32116,12540,0.265407,0.459486,0.274497,0.0,0.5,1.0,6.0,linear
42,84298,32076,11841,0.264921,0.4594,0.287908,0.0,0.5,1.0,6.0,linear
43,84187,32012,11178,0.263794,0.456917,0.30277,0.0,0.5,1.0,6.0,linear
44,84287,32375,10627,0.260759,0.451221,0.315814,0.0,0.5,1.0,6.0,linear
45,85126,32833,10236,0.259898,0.448368,0.328892,0.0,0.5,1.0,6.0,linear
46,84553,32844,9636,0.260866,0.450107,0.339379,0.0,0.5,1.0,6.0,linear
47,84781,32865,9032,0.260828,0.449585,0.350871,0.0,0.5,1.0,6.0,linear
48,84539,32789,8549,0.260006,0.448433,0.362497,0.0,0.5,1.0,6.0,linear
49,84497,32738,8063,0.25757,0.443592,0.375039,0.0,0.5,1.0,6.0,linear
50,84776,33052,7628,0.257392,0.443808,0.386284,0.0,0.5,1.0,6.0,linear
51,85036,33059,7216,0.255576,0.440723,0.398789,0.0,0.5,1.0,6.0,linear
52,85643,33455,6893,0.254506,0.439037,0.408149,0.0,0.5,1.0,6.0,linear
53,85757,33537,6528,0.251866,0.43341,0.420081,0.0,0.5,1.0,6.0,linear
54,85758,33912,6131,0.249988,0.429395,0.431012,0.0,0.5,1.0,6.0,linear
55,85810,34298,5844,0.248291,0.426021,0.444219,0.0,0.5,1.0,6.0,linear
56,85615,34299,5457,0.245967,0.422611,0.456468,0.0,0.5,1.0,6.0,linear
57,85949,34366,5071,0.246223,0.422373,0.46564,0.0,0.5,1.0,6.0,linear
58,86336,34522,4720,0.245395,0.420279,0.474905,0.0,0.5,1.0,6.0,linear
59,86525,34751,4522,0.244387,0.418341,0.484914,0.0,0.5,1.0,6.0,linear
60,86016,34887,4270,0.242755,0.414645,0.494067,0.0,0.5,1.0,6.0,linear
61,85863,34985,4023,0.242991,0.415666,0.501275,0.0,0.5,1.0,6.0,linear
62,86333,35028,3889,0.241765,0.41309,0.509966,0.0,0.5,1.0,6.0,linear
63,86573,35170,3634,0.24045,0.410211,0.519454,0.0,0.5,1.0,6.0,linear
64,86519,35265,3460,0.239316,0.407036,0.527389,0.0,0.5,1.0,6.0,linear
65,86761,35530,3209,0.237935,0.404647,0.53493,0.0,0.5,1.0,6.0,linear
66,86405,35551,3002,0.237639,0.404911,0.543003,0.0,0.5,1.0,6.0,linear
67,86862,35886,2798,0.235753,0.401452,0.552172,0.0,0.5,1.0,6.0,linear
68,86703,35955,2662,0.234704,0.399514,0.558714,0.0,0.5,1.0,6.0,linear
69,86674,35869,2480,0.236478,0.402519,0.563751,0.0,0.5,1.0,6.0,linear
70,86221,35768,2337,0.236327,0.40158,0.570559,0.0,0.5,1.0,6.0,linear
71,85710,35677,2207,0.234658,0.399216,0.577679,0.0,0.5,1.0,6.0,linear
72,85892,35620,2001,0.234653,0.399125,0.584366,0.0,0.5,1.0,6.0,linear
73,86608,35857,1901,0.234452,0.397787,0.590772,0.0,0.5,1.0,6.0,linear
74,86165,35706,1737,0.233193,0.396817,0.597196,0.0,0.5,1.0,6.0,linear
75,86862,35945,1587,0.232615,0.395232,0.603158,0.0,0.5,1.0,6.0,linear
76,86937,36139,1499,0.231542,0.392479,0.609561,0.0,0.5,1.0,6.0,linear
77,87305,36440,1426,0.230596,0.390227,0.615617,0.0,0.5,1.0,6.0,linear
78,86902,36523,1306,0.229277,0.388097,0.6216,0.0,0.5,1.0,6.0,linear
79,87135,36678,1254,0.228619,0.387198,0.626578,0.0,0.5,1.0,6.0,linear
80,87698,37020,1244,0.228579,0.387582,0.631404,0.0,0.5,1.0,6.0,linear
81,87822,36924,1171,0.22865,0.386878,0.635867,0.0,0.5,1.0,6.0,linear
82,87589,36855,1116,0.230497,0.389753,0.638973,0.0,0.5,1.0,6.0,linear
83,87618,36865,1071,0.229437,0.388021,0.643442,0.0,0.5,1.0,6.0,linear
84,87125,36668,1000,0.229703,0.388748,0.648177,0.0,0.5,1.0,6.0,linear
85,86790,36739,882,0.228578,0.386379,0.652194,0.0,0.5,1.0,6.0,linear
86,87242,36830,818,0.228172,0.385286,0.655776,0.0,0.5,1.0,6.0,linear
87,87390,37057,776,0.227426,0.385038,0.659606,0.0,0.5,1.0,6.0,linear
88,86818,36759,714,0.226856,0.383278,0.663603,0.0,0.5,1.0,6.0,linear
89,86897,36810,655,0.228611,0.386332,0.665629,0.0,0.5,1.0,6.0,linear
90,87041,36579,630,0.228936,0.387208,0.669024,0.0,0.5,1.0,6.0,linear
91,86954,36565,596,0.22789,0.385542,0.673062,0.0,0.5,1.0,6.0,linear
92,87413,36755,587,0.228503,0.386939,0.67526,0.0,0.5,1.0,6.0,linear
93,87067,36692,573,0.22687,0.38358,0.67914,0.0,0.5,1.0,6.0,linear
94,87505,36935,521,0.226237,0.382264,0.682746,0.0,0.5,1.0,6.0,linear
95,87818,37127,506,0.225692,0.381247,0.686347,0.0,0.5,1.0,6.0,linear
96,87473,37160,454,0.224628,0.379581,0.689229,0.0,0.5,1.0,6.0,linear
97,87370,37260,453,0.224445,0.378104,0.692499,0.0,0.5,1.0,6.0,linear
98,87305,37205,406,0.224966,0.378904,0.694873,0.0,0.5,1.0,6.0,linear
99,86791,36946,399,0.225523,0.380032,0.69708,0.0,0.5,1.0,6.0,linear
100,87066,37066,389,0.226306,0.381673,0.698665,0.0,0.5,1.0,6.0,linear
101,86884,36852,352,0.226131,0.381582,0.701543,0.0,0.5,1.0,6.0,linear
102,86345,36704,325,0.226434,0.382248,0.703632,0.0,0.5,1.0,6.0,linear
103,86984,36750,297,0.226518,0.383118,0.70608,0.0,0.5,1.0,6.0,linear
104,87206,36834,282,0.227007,0.383491,0.707563,0.0,0.5,1.0,6.0,linear
105,87260,36874,242,0.227615,0.385035,0.709534,0.0,0.5,1.0,6.0,linear
106,87059,36939,233,0.22829,0.385816,0.711143,0.0,0.5,1.0,6.0,linear
107,86739,36868,202,0.227847,0.384303,0.71343,0.0,0.5,1.0,6.0,linear
108,86571,36833,189,0.227436,0.384116,0.715947,0.0,0.5,1.0,6.0,linear
109,86595,36757,187,0.226597,0.383156,0.718479,0.0,0.5,1.0,6.0,linear
110,86678,36699,180,0.226887,0.383601,0.720883,0.0,0.5,1.0,6.0,linear
111,86983,36645,155,0.226991,0.383119,0.722314,0.0,0.5,1.0,6.0,linear
112,86766,36625,142,0.22632,0.381779,0.724363,0.0,0.5,1.0,6.0,linear
113,86897,36767,133,0.224801,0.38009,0.727634,0.0,0.5,1.0,6.0,linear
114,87364,36956,106,0.22474,0.37906,0.728841,0.0,0.5,1.0,6.0,linear
115,87365,37031,110,0.224172,0.378458,0.730932,0.0,0.5,1.0,6.0,linear
116,87677,37143,103,0.224173,0.378108,0.732022,0.0,0.5,1.0,6.0,linear
117,87454,37224,106,0.22309,0.375866,0.734617,0.0,0.5,1.0,6.0,linear
118,87726,37670,109,0.22109,0.371548,0.738292,0.0,0.5,1.0,6.0,linear
119,87378,37754,92,0.220683,0.371283,0.739421,0.0,0.5,1.0,6.0,linear
120,87932,37761,87,0.220233,0.370228,0.741574,0.0,0.5,1.0,6.0,linear
121,87414,37716,82,0.220787,0.3711,0.742021,0.0,0.5,1.0,6.0,linear
122,86990,37288,90,0.221359,0.372847,0.742537,0.0,0.5,1.0,6.0,linear
123,86664,37320,79,0.219621,0.369667,0.745446,0.0,0.5,1.0,6.0,linear
124,87425,37580,90,0.219558,0.369701,0.746865,0.0,0.5,1.0,6.0,linear
125,87729,37773,82,0.219344,0.368394,0.747698,0.0,0.5,1.0,6.0,linear
126,87761,37751,84,0.220872,0.371649,0.74734,0.0,0.5,1.0,6.0,linear
127,87204,37444,75,0.22081,0.370607,0.748161,0.0,0.5,1.0,6.0,linear
128,87185,37688,69,0.22216,0.37346,0.747852,0.0,0.5,1.0,6.0,linear
129,86877,37477,53,0.221564,0.372604,0.749314,0.0,0.5,1.0,6.0,linear
130,87032,37373,42,0.221455,0.372612,0.75062,0.0,0.5,1.0,6.0,linear
131,86436,37189,44,0.221611,0.372778,0.751379,0.0,0.5,1.0,6.0,linear
132,86995,37384,38,0.219602,0.36931,0.754146,0.0,0.5,1.0,6.0,linear
133,87388,37586,36,0.219703,0.368795,0.754434,0.0,0.5,1.0,6.0,linear
134,87397,37580,36,0.2211,0.371328,0.753647,0.0,0.5,1.0,6.0,linear
135,87307,37341,26,0.219665,0.369273,0.756219,0.0,0.5,1.0,6.0,linear
136,87230,37379,23,0.220972,0.371511,0.755702,0.0,0.5,1.0,6.0,linear
137,87918,37754,27,0.220008,0.369115,0.75772,0.0,0.5,1.0,6.0,linear
138,87706,37846,25,0.219683,0.369117,0.758492,0.0,0.5,1.0,6.0,linear
139,87174,37553,25,0.220709,0.371132,0.757834,0.0,0.5,1.0,6.0,linear
140,87261,37652,26,0.221967,0.373101,0.757779,0.0,0.5,1.0,6.0,linear
141,86865,37602,22,0.222335,0.373765,0.757976,0.0,0.5,1.0,6.0,linear
142,86819,37524,28,0.222351,0.373614,0.758357,0.0,0.5,1.0,6.0,linear
143,86854,37188,33,0.222093,0.3735,0.758856,0.0,0.5,1.0,6.0,linear
144,86916,37144,30,0.222553,0.374665,0.758847,0.0,0.5,1.0,6.0,linear
145,86916,37148,25,0.223399,0.376035,0.758261,0.0,0.5,1.0,6.0,linear
146,86838,37097,19,0.222197,0.374413,0.759773,0.0,0.5,1.0,6.0,linear
147,87031,37086,20,0.222271,0.37487,0.759934,0.0,0.5,1.0,6.0,linear
148,87295,37049,19,0.22137,0.372281,0.761594,0.0,0.5,1.0,6.0,linear
149,87322,37261,18,0.221512,0.372498,0.762184,0.0,0.5,1.0,6.0,linear
150,87943,37764,20,0.219863,0.36902,0.764004,0.0,0.5,1.0,6.0,linear
151,87622,37782,27,0.219798,0.368326,0.764398,0.0,0.5,1.0,6.0,linear
152,87926,37868,27,0.220789,0.369961,0.76399,0.0,0.5,1.0,6.0,linear
153,87600,37809,17,0.22044,0.369911,0.764296,0.0,0.5,1.0,6.0,linear
154,87663,37939,13,0.219657,0.369125,0.76568,0.0,0.5,1.0,6.0,linear
155,87300,37662,11,0.22095,0.371732,0.76488,0.0,0.5,1.0,6.0,linear
156,87119,37659,10,0.221395,0.372605,0.765209,0.0,0.5,1.0,6.0,linear
157,87163,37361,11,0.222551,0.373825,0.764476,0.0,0.5,1.0,6.0,linear
158,87146,37223,9,0.221421,0.372478,0.76674,0.0,0.5,1.0,6.0,linear
159,87325,37429,12,0.220767,0.372044,0.767801,0.0,0.5,1.0,6.0,linear
160,87623,37660,8,0.221462,0.372648,0.767334,0.0,0.5,1.0,6.0,linear
161,87798,37742,9,0.220397,0.371328,0.769104,0.0,0.5,1.0,6.0,linear
162,87500,37702,9,0.221086,0.372321,0.768436,0.0,0.5,1.0,6.0,linear
163,87417,37674,5,0.219282,0.367814,0.770427,0.0,0.5,1.0,6.0,linear
164,87142,37603,4,0.219722,0.368588,0.770271,0.0,0.5,1.0,6.0,linear
165,87006,37404,3,0.220102,0.369491,0.77014,0.0,0.5,1.0,6.0,linear
166,86870,37612,1,0.220229,0.370066,0.770588,0.0,0.5,1.0,6.0,linear
167,87930,37773,0,0.220644,0.370865,0.770499,0.0,0.5,1.0,6.0,linear
168,87453,37831,0,0.220645,0.370887,0.770599,0.0,0.5,1.0,6.0,linear
169,87299,37636,0,0.221317,0.371543,0.76991,0.0,0.5,1.0,6.0,linear
170,87369,37829,1,0.220391,0.370344,0.771093,0.0,0.5,1.0,6.0,linear
171,87375,37791,1,0.220061,0.36927,0.771611,0.0,0.5,1.0,6.0,linear
172,87184,37779,1,0.220573,0.370551,0.771226,0.0,0.5,1.0,6.0,linear
173,87263,37891,3,0.220296,0.370545,0.771772,0.0,0.5,1.0,6.0,linear
174,87096,37719,5,0.220562,0.371193,0.771907,0.0,0.5,1.0,6.0,linear
175,87070,37401,4,0.22205,0.373657,0.770621,0.0,0.5,1.0,6.0,linear
176,86933,37512,3,0.222219,0.373947,0.77073,0.0,0.5,1.0,6.0,linear
177,87371,37538,5,0.222313,0.374351,0.770694,0.0,0.5,1.0,6.0,linear
178,87111,37380,5,0.221811,0.372962,0.771622,0.0,0.5,1.0,6.0,linear
179,86948,37344,4,0.222277,0.373352,0.771345,0.0,0.5,1.0,6.0,linear
180,87077,37323,3,0.221999,0.373568,0.771848,0.0,0.5,1.0,6.0,linear
181,87394,37601,2,0.222087,0.373952,0.772121,0.0,0.5,1.0,6.0,linear
182,87839,37889,1,0.221728,0.373304,0.772514,0.0,0.5,1.0,6.0,linear
183,87569,37743,2,0.221487,0.37231,0.772844,0.0,0.5,1.0,6.0,linear
184,87059,37674,2,0.223426,0.375766,0.770968,0.0,0.5,1.0,6.0,linear
185,87194,37425,1,0.222686,0.374145,0.771793,0.0,0.5,1.0,6.0,linear
186,86899,37249,2,0.222229,0.373772,0.772182,0.0,0.5,1.0,6.0,linear
187,87680,37506,2,0.222403,0.374593,0.772118,0.0,0.5,1.0,6.0,linear
188,87660,37407,2,0.22262,0.37482,0.772101,0.0,0.5,1.0,6.0,linear
189,87719,37456,1,0.220354,0.370255,0.774484,0.0,0.5,1.0,6.0,linear
190,87019,37373,0,0.219943,0.368925,0.775133,0.0,0.5,1.0,6.0,linear
191,87339,37641,1,0.218968,0.367097,0.776125,0.0,0.5,1.0,6.0,linear
192,87398,37724,1,0.217348,0.364041,0.777831,0.0,0.5,1.0,6.0,linear
193,87627,37908,1,0.217803,0.365554,0.777597,0.0,0.5,1.0,6.0,linear
194,87827,37956,0,0.218288,0.365283,0.777303,0.0,0.5,1.0,6.0,linear
195,87300,37803,0,0.218442,0.366389,0.777214,0.0,0.5,1.0,6.0,linear
196,87132,37684,0,0.217908,0.366222,0.777961,0.0,0.5,1.0,6.0,linear
197,87229,37738,2,0.21901,0.367209,0.777085,0.0,0.5,1.0,6.0,linear
198,87298,37822,4,0.219676,0.368312,0.776563,0.0,0.5,1.0,6.0,linear
199,87092,37635,4,0.218645,0.367484,0.777554,0.0,0.5,1.0,6.0,linear
200,87652,37939,5,0.218265,0.365911,0.778137,0.0,0.5,1.0,6.0,linear
201,87381,37906,4,0.218427,0.366679,0.778262,0.0,0.5,1.0,6.0,linear
202,87452,37963,3,0.219051,0.367273,0.777711,0.0,0.5,1.0,6.0,linear
203,87273,37768,2,0.21915,0.367287,0.777836,0.0,0.5,1.0,6.0,linear
204,87183,37732,0,0.220263,0.369741,0.776842,0.0,0.5,1.0,6.0,linear
205,86831,37631,0,0.219252,0.367422,0.778037,0.0,0.5,1.0,6.0,linear
206,87213,37709,0,0.219338,0.368151,0.777956,0.0,0.5,1.0,6.0,linear
207,87595,37776,0,0.218767,0.36742,0.778681,0.0,0.5,1.0,6.0,linear
208,88001,38068,0,0.218872,0.367594,0.778804,0.0,0.5,1.0,6.0,linear
209,87586,37854,0,0.219461,0.368354,0.778319,0.0,0.5,1.0,6.0,linear
210,87154,37549,1,0.220626,0.370013,0.777023,0.0,0.5,1.0,6.0,linear
211,87122,37552,1,0.220297,0.369617,0.777432,0.0,0.5,1.0,6.0,linear
212,87320,37523,1,0.221512,0.371613,0.776306,0.0,0.5,1.0,6.0,linear
213,87028,37550,1,0.220449,0.370741,0.777512,0.0,0.5,1.0,6.0,linear
214,87108,37515,1,0.221558,0.372363,0.776498,0.0,0.5,1.0,6.0,linear
215,87624,37707,0,0.221106,0.371788,0.777007,0.0,0.5,1.0,6.0,linear
216,87685,37910,0,0.219692,0.369561,0.778452,0.0,0.5,1.0,6.0,linear
217,87600,37780,0,0.219392,0.368477,0.778846,0.0,0.5,1.0,6.0,linear
218,87337,37818,0,0.219262,0.368711,0.778998,0.0,0.5,1.0,6.0,linear
219,87415,37623,0,0.220377,0.369971,0.777901,0.0,0.5,1.0,6.0,linear
220,86937,37543,0,0.220213,0.369203,0.778074,0.0,0.5,1.0,6.0,linear
221,86561,37470,0,0.220067,0.369796,0.778273,0.0,0.5,1.0,6.0,linear
222,86915,37532,0,0.220726,0.37111,0.777585,0.0,0.5,1.0,6.0,linear
223,87451,37586,0,0.220884,0.371832,0.777563,0.0,0.5,1.0,6.0,linear
224,87327,37501,0,0.218751,0.36751,0.779727,0.0,0.5,1.0,6.0,linear
225,87264,37727,1,0.219028,0.367505,0.779452,0.0,0.5,1.0,6.0,linear
226,87491,37810,1,0.21922,0.367707,0.779268,0.0,0.5,1.0,6.0,linear
227,87720,37743,1,0.219958,0.369316,0.778587,0.0,0.5,1.0,6.0,linear
228,87025,37374,1,0.221042,0.372024,0.777538,0.0,0.5,1.0,6.0,linear
229,87508,37382,1,0.221126,0.371596,0.777378,0.0,0.5,1.0,6.0,linear
230,87476,37486,1,0.22221,0.373363,0.776412,0.0,0.5,1.0,6.0,linear
231,87441,37500,0,0.221682,0.372973,0.777008,0.0,0.5,1.0,6.0,linear
232,87344,37606,0,0.221616,0.373188,0.777111,0.0,0.5,1.0,6.0,linear
233,88034,37853,0,0.220131,0.370703,0.778592,0.0,0.5,1.0,6.0,linear
234,87674,37684,0,0.220394,0.369811,0.778215,0.0,0.5,1.0,6.0,linear
235,87234,37493,0,0.220849,0.370138,0.777744,0.0,0.5,1.0,6.0,linear
236,86841,37415,0,0.222344,0.373879,0.776396,0.0,0.5,1.0,6.0,linear
237,86803,37377,0,0.219341,0.368449,0.779426,0.0,0.5,1.0,6.0,linear
238,87026,37479,0,0.219283,0.368414,0.779634,0.0,0.5,1.0,6.0,linear
239,87368,37544,0,0.218868,0.367582,0.780008,0.0,0.5,1.0,6.0,linear
240,87672,37693,0,0.220401,0.369629,0.778454,0.0,0.5,1.0,6.0,linear
241,87818,37534,0,0.220561,0.369522,0.778273,0.0,0.5,1.0,6.0,linear
242,87791,37639,0,0.219071,0.367783,0.779848,0.0,0.5,1.0,6.0,linear
243,87568,37473,0,0.219475,0.369387,0.779489,0.0,0.5,1.0,6.0,linear
244,88401,37974,0,0.219963,0.369676,0.779006,0.0,0.5,1.0,6.0,linear
245,88071,38114,0,0.219094,0.367152,0.779922,0.0,0.5,1.0,6.0,linear
246,87134,37848,0,0.218441,0.366902,0.780741,0.0,0.5,1.0,6.0,linear
247,87142,37972,0,0.22018,0.369739,0.779072,0.0,0.5,1.0,6.0,linear
248,87100,37843,0,0.221175,0.37146,0.778098,0.0,0.5,1.0,6.0,linear
249,86637,37482,0,0.221285,0.371733,0.778066,0.0,0.5,1.0,6.0,linear
250,87311,37623,0,0.22047,0.371532,0.778914,0.0,0.5,1.0,6.0,linear
251,87354,37582,0,0.220371,0.37044,0.779036,0.0,0.5,1.0,6.0,linear
252,87542,37726,0,0.2202,0.370195,0.779212,0.0,0.5,1.0,6.0,linear
253,87695,37616,0,0.220653,0.370464,0.778821,0.0,0.5,1.0,6.0,linear
254,87485,37645,0,0.220092,0.370045,0.779425,0.0,0.5,1.0,6.0,linear
255,87551,37502,0,0.220761,0.370844,0.778739,0.0,0.5,1.0,6.0,linear
256,87198,37313,0,0.221722,0.372731,0.777798,0.0,0.5,1.0,6.0,linear
257,87407,37422,0,0.220923,0.37181,0.778571,0.0,0.5,1.0,6.0,linear
258,87464,37606,0,0.220173,0.370621,0.779304,0.0,0.5,1.0,6.0,linear
259,86901,37441,0,0.220303,0.370795,0.779205,0.0,0.5,1.0,6.0,linear
260,87356,37607,0,0.220483,0.370339,0.779041,0.0,0.5,1.0,6.0,linear
261,87719,37898,0,0.220538,0.369841,0.779017,0.0,0.5,1.0,6.0,linear
262,87264,37778,1,0.220492,0.369773,0.779023,0.0,0.5,1.0,6.0,linear
263,87017,37732,1,0.219564,0.368462,0.7799,0.0,0.5,1.0,6.0,linear
264,87140,37687,1,0.219645,0.369193,0.779846,0.0,0.5,1.0,6.0,linear
265,87238,37609,0,0.220257,0.369712,0.779205,0.0,0.5,1.0,6.0,linear
266,87467,37627,0,0.219467,0.368335,0.780019,0.0,0.5,1.0,6.0,linear
267,87690,37814,0,0.218916,0.368475,0.780642,0.0,0.5,1.0,6.0,linear
268,87755,37901,0,0.218583,0.366748,0.78101,0.0,0.5,1.0,6.0,linear
269,87407,37804,0,0.219126,0.368127,0.780493,0.0,0.5,1.0,6.0,linear
270,87894,38077,0,0.218625,0.366813,0.781017,0.0,0.5,1.0,6.0,linear
271,87893,38022,0,0.220264,0.369754,0.779416,0.0,0.5,1.0,6.0,linear
272,87901,37923,0,0.220224,0.369507,0.779508,0.0,0.5,1.0,6.0,linear
273,87539,37858,0,0.219665,0.369077,0.78012,0.0,0.5,1.0,6.0,linear
274,87551,37764,0,0.221802,0.373379,0.777952,0.0,0.5,1.0,6.0,linear
275,87455,37750,0,0.220778,0.371715,0.778948,0.0,0.5,1.0,6.0,linear
276,87090,37545,0,0.220849,0.371244,0.778928,0.0,0.5,1.0,6.0,linear
277,87384,37658,0,0.220744,0.37105,0.779065,0.0,0.5,1.0,6.0,linear
278,87496,37768,0,0.2203,0.371124,0.779525,0.0,0.5,1.0,6.0,linear
279,87382,37524,0,0.22068,0.370435,0.779159,0.0,0.5,1.0,6.0,linear
280,86563,37226,0,0.220418,0.370708,0.779418,0.0,0.5,1.0,6.0,linear
281,87026,37292,0,0.219581,0.369444,0.780282,0.0,0.5,1.0,6.0,linear
282,87021,37377,0,0.217771,0.36649,0.782092,0.0,0.5,1.0,6.0,linear
283,87622,37694,0,0.218047,0.366599,0.781828,0.0,0.5,1.0,6.0,linear
284,87704,37916,0,0.218407,0.366784,0.781449,0.0,0.5,1.0,6.0,linear
285,87728,37918,0,0.218373,0.366669,0.781499,0.0,0.5,1.0,6.0,linear
286,87527,37866,0,0.218575,0.366869,0.7813,0.0,0.5,1.0,6.0,linear
287,87447,37902,0,0.219915,0.369136,0.779925,0.0,0.5,1.0,6.0,linear
288,87872,37950,0,0.218758,0.366859,0.781082,0.0,0.5,1.0,6.0,linear
289,87386,38135,0,0.216866,0.364057,0.782931,0.0,0.5,1.0,6.0,linear
290,87518,38230,0,0.21677,0.363338,0.783046,0.0,0.5,1.0,6.0,linear
291,87582,38367,0,0.217486,0.363683,0.782361,0.0,0.5,1.0,6.0,linear
292,87404,38206,0,0.217731,0.364433,0.782085,0.0,0.5,1.0,6.0,linear
293,87119,37835,0,0.219417,0.368128,0.780438,0.0,0.5,1.0,6.0,linear
294,86948,37761,0,0.22011,0.369678,0.77976,0.0,0.5,1.0,6.0,linear
295,86641,37506,0,0.220008,0.36934,0.779866,0.0,0.5,1.0,6.0,linear
296,86758,37507,0,0.220711,0.370614,0.779191,0.0,0.5,1.0,6.0,linear
297,87364,37696,0,0.220745,0.369843,0.779141,0.0,0.5,1.0,6.0,linear
298,87179,37670,0,0.219357,0.368426,0.780542,0.0,0.5,1.0,6.0,linear
299,87826,37888,0,0.220018,0.369381,0.779877,0.0,0.5,1.0,6.0,linear
300,87341,37614,0,0.219209,0.368486,0.780713,0.0,0.5,1.0,6.0,linear
301,87510,37796,0,0.218313,0.366714,0.78162,0.0,0.5,1.0,6.0,linear
302,87420,37688,0,0.218617,0.36723,0.781332,0.0,0.5,1.0,6.0,linear
303,87432,37772,0,0.219213,0.368487,0.78074,0.0,0.5,1.0,6.0,linear
304,87198,37701,0,0.219677,0.369256,0.780272,0.0,0.5,1.0,6.0,linear
305,87284,37609,0,0.219137,0.367821,0.78082,0.0,0.5,1.0,6.0,linear
306,86911,37773,0,0.218413,0.366985,0.781548,0.0,0.5,1.0,6.0,linear
307,87264,37810,0,0.218442,0.366555,0.781535,0.0,0.5,1.0,6.0,linear
308,87554,37989,0,0.217942,0.365582,0.782046,0.0,0.5,1.0,6.0,linear
309,87589,37885,0,0.216849,0.363793,0.783112,0.0,0.5,1.0,6.0,linear
310,87315,37884,0,0.21632,0.363275,0.783645,0.0,0.5,1.0,6.0,linear
311,87522,37998,0,0.217808,0.365589,0.782153,0.0,0.5,1.0,6.0,linear
312,87226,37753,0,0.21864,0.365938,0.781337,0.0,0.5,1.0,6.0,linear
313,87094,37724,0,0.219617,0.368528,0.780371,0.0,0.5,1.0,6.0,linear
314,87042,37785,0,0.218556,0.3674,0.781437,0.0,0.5,1.0,6.0,linear
315,87264,37726,0,0.218938,0.367761,0.781062,0.0,0.5,1.0,6.0,linear
316,87484,37601,0,0.220074,0.369062,0.779926,0.0,0.5,1.0,6.0,linear
317,87368,37847,0,0.220532,0.370125,0.779468,0.0,0.5,1.0,6.0,linear

