generation,size,female_size,fertile_female_size,rate_dr,rate_has_drive,rate_complete_r2,rate_partial_r2,drive_efficiency,drop_ratio,low_density_growth_rate,density_growth_curve
1,77814,48918,48918,0.0,0.0,0.0,0.0,0.5,2.4,6.0,linear
2,77777,48994,48994,0.0,0.0,0.0,0.0,0.5,2.4,6.0,linear
3,80491,50543,50543,0.0,0.0,0.0,0.0,0.5,2.4,6.0,linear
4,81542,51318,51318,0.0,0.0,0.0,0.0,0.5,2.4,6.0,linear
5,79656,50812,50812,0.0,0.0,0.0,0.0,0.5,2.4,6.0,linear
6,76671,49442,49442,0.0,0.0,0.0,0.0,0.5,2.4,6.0,linear
7,76856,49445,49445,0.0,0.0,0.0,0.0,0.5,2.4,6.0,linear
8,79207,50206,50206,0.0,0.0,0.0,0.0,0.5,2.4,6.0,linear
9,79426,50110,50110,0.0,0.0,0.0,0.0,0.5,2.4,6.0,linear
10,78898,50063,50063,0.0,0.0,0.0,0.0,0.5,2.4,6.0,linear
11,78666,50194,50194,0.0,0.0,0.0,0.0,0.5,2.4,6.0,linear
12,93289,50225,50225,0.134558,0.151047,0.0,0.0,0.5,2.4,6.0,linear
13,99185,48405,48405,0.212028,0.251872,0.0,0.0,0.5,2.4,6.0,linear
14,94078,44064,44064,0.245217,0.318454,0.000248515,0.0,0.5,2.4,6.0,linear
15,92663,40633,40599,0.277736,0.388922,0.00137571,0.0,0.5,2.4,6.0,linear
16,92897,37255,37069,0.309597,0.454867,0.00381553,0.0,0.5,2.4,6.0,linear
17,92586,33513,33026,0.336995,0.511959,0.00820722,0.0,0.5,2.4,6.0,linear
18,92128,30416,29409,0.359689,0.558241,0.0150309,0.0,0.5,2.4,6.0,linear
19,91171,27667,25908,0.378777,0.596422,0.024,0.0,0.5,2.4,6.0,linear
20,89962,25366,22723,0.392443,0.622398,0.0356107,0.0,0.5,2.4,6.0,linear
21,88120,23399,19712,0.404292,0.64221,0.0496831,0.0,0.5,2.4,6.0,linear
22,86140,21717,16984,0.413663,0.658499,0.0660707,0.0,0.5,2.4,6.0,linear
23,84572,20319,14440,0.42292,0.672535,0.0851487,0.0,0.5,2.4,6.0,linear
24,82396,19143,12272,0.431063,0.684571,0.104715,0.0,0.5,2.4,6.0,linear
25,79709,17975,10374,0.435741,0.691366,0.124976,0.0,0.5,2.4,6.0,linear
26,78395,17222,8803,0.44163,0.69786,0.145771,0.0,0.5,2.4,6.0,linear
27,76804,16447,7434,0.447976,0.7067,0.165659,0.0,0.5,2.4,6.0,linear
28,75271,15681,6280,0.45206,0.710967,0.187979,0.0,0.5,2.4,6.0,linear
29,73703,15023,5207,0.456167,0.714376,0.20772,0.0,0.5,2.4,6.0,linear
30,72657,14625,4367,0.45984,0.716409,0.227721,0.0,0.5,2.4,6.0,linear
31,71032,14189,3586,0.460743,0.716641,0.249886,0.0,0.5,2.4,6.0,linear
32,70061,13878,2923,0.465405,0.720947,0.267811,0.0,0.5,2.4,6.0,linear
33,68641,13410,2403,0.468944,0.725587,0.285044,0.0,0.5,2.4,6.0,linear
34,67537,12954,1961,0.473305,0.731261,0.301656,0.0,0.5,2.4,6.0,linear
35,66587,12474,1558,0.47626,0.731504,0.318317,0.0,0.5,2.4,6.0,linear
36,65714,12298,1291,0.478986,0.73428,0.333849,0.0,0.5,2.4,6.0,linear
37,65029,11958,1012,0.482139,0.734925,0.348793,0.0,0.5,2.4,6.0,linear
38,64265,11829,825,0.482703,0.734145,0.363448,0.0,0.5,2.4,6.0,linear
39,63388,11604,676,0.482857,0.733338,0.377103,0.0,0.5,2.4,6.0,linear
40,63099,11514,573,0.483985,0.734254,0.389198,0.0,0.5,2.4,6.0,linear
41,62866,11578,498,0.483922,0.733204,0.398091,0.0,0.5,2.4,6.0,linear
42,62754,11532,428,0.483888,0.732446,0.409104,0.0,0.5,2.4,6.0,linear
43,62503,11368,354,0.486391,0.734022,0.415179,0.0,0.5,2.4,6.0,linear
44,61826,11134,289,0.485674,0.733284,0.425108,0.0,0.5,2.4,6.0,linear
45,61632,11149,238,0.48611,0.732264,0.432428,0.0,0.5,2.4,6.0,linear
46,61338,11237,204,0.485237,0.730808,0.440186,0.0,0.5,2.4,6.0,linear
47,61732,11406,174,0.485287,0.730761,0.446542,0.0,0.5,2.4,6.0,linear
48,61557,11297,143,0.485571,0.73192,0.451998,0.0,0.5,2.4,6.0,linear
49,61920,11320,130,0.485145,0.729711,0.456624,0.0,0.5,2.4,6.0,linear
50,62043,11384,110,0.484249,0.727403,0.460194,0.0,0.5,2.4,6.0,linear
51,62108,11643,104,0.480058,0.72318,0.469638,0.0,0.5,2.4,6.0,linear
52,62435,11792,88,0.47885,0.72135,0.474624,0.0,0.5,2.4,6.0,linear
53,62479,11820,73,0.478661,0.722327,0.478976,0.0,0.5,2.4,6.0,linear
54,63057,12065,65,0.476935,0.719421,0.484889,0.0,0.5,2.4,6.0,linear
55,63420,12273,62,0.474509,0.718956,0.490403,0.0,0.5,2.4,6.0,linear
56,63946,12345,42,0.473574,0.7181,0.494709,0.0,0.5,2.4,6.0,linear
57,64350,12561,25,0.470478,0.714815,0.500435,0.0,0.5,2.4,6.0,linear
58,65130,12888,24,0.467772,0.709873,0.50568,0.0,0.5,2.4,6.0,linear
59,65250,12973,18,0.465493,0.706993,0.509825,0.0,0.5,2.4,6.0,linear
60,65838,13091,14,0.463584,0.704864,0.51325,0.0,0.5,2.4,6.0,linear
61,66427,13455,17,0.461234,0.702502,0.518135,0.0,0.5,2.4,6.0,linear
62,67308,13703,15,0.459226,0.700444,0.522455,0.0,0.5,2.4,6.0,linear
63,67934,13856,9,0.456645,0.697805,0.527108,0.0,0.5,2.4,6.0,linear
64,68387,14104,9,0.452663,0.692242,0.532174,0.0,0.5,2.4,6.0,linear
65,69219,14537,10,0.451033,0.690475,0.534508,0.0,0.5,2.4,6.0,linear
66,69596,14753,15,0.44683,0.684527,0.539917,0.0,0.5,2.4,6.0,linear
67,70608,15212,12,0.443542,0.679642,0.544556,0.0,0.5,2.4,6.0,linear
68,71097,15591,8,0.441778,0.679584,0.547361,0.0,0.5,2.4,6.0,linear
69,72215,15916,7,0.438174,0.673555,0.551951,0.0,0.5,2.4,6.0,linear
70,72836,16208,5,0.436181,0.672117,0.555191,0.0,0.5,2.4,6.0,linear
71,73525,16642,2,0.433044,0.668451,0.558854,0.0,0.5,2.4,6.0,linear
72,74367,17077,2,0.431012,0.665967,0.561645,0.0,0.5,2.4,6.0,linear
73,74898,17250,2,0.427746,0.663274,0.565413,0.0,0.5,2.4,6.0,linear
74,76003,17697,2,0.423515,0.657321,0.570005,0.0,0.5,2.4,6.0,linear
75,76897,18235,1,0.419883,0.651958,0.574015,0.0,0.5,2.4,6.0,linear
76,77958,18813,0,0.417125,0.648593,0.577255,0.0,0.5,2.4,6.0,linear
77,79025,19148,0,0.414154,0.644171,0.580707,0.0,0.5,2.4,6.0,linear
78,79657,19542,2,0.410902,0.641071,0.584465,0.0,0.5,2.4,6.0,linear
79,80791,20007,2,0.409827,0.638699,0.585861,0.0,0.5,2.4,6.0,linear
80,80972,20060,2,0.408655,0.637207,0.587409,0.0,0.5,2.4,6.0,linear
81,81458,20287,2,0.406366,0.633904,0.590105,0.0,0.5,2.4,6.0,linear
82,82213,20669,1,0.404889,0.632112,0.591851,0.0,0.5,2.4,6.0,linear
83,82583,20947,3,0.402373,0.628795,0.594601,0.0,0.5,2.4,6.0,linear
84,83112,21244,3,0.400316,0.6255,0.596752,0.0,0.5,2.4,6.0,linear
85,83477,21653,3,0.398321,0.622417,0.599082,0.0,0.5,2.4,6.0,linear
86,84102,21988,2,0.396282,0.61894,0.601331,0.0,0.5,2.4,6.0,linear
87,84323,22256,1,0.393444,0.615957,0.604299,0.0,0.5,2.4,6.0,linear
88,85230,22655,2,0.393262,0.616261,0.60471,0.0,0.5,2.4,6.0,linear
89,85903,22865,1,0.392716,0.615217,0.605338,0.0,0.5,2.4,6.0,linear
90,86249,22905,1,0.390661,0.613091,0.607489,0.0,0.5,2.4,6.0,linear
91,86619,23070,1,0.388966,0.609727,0.609244,0.0,0.5,2.4,6.0,linear
92,86861,23370,0,0.386476,0.605217,0.61175,0.0,0.5,2.4,6.0,linear
93,86943,23699,0,0.383532,0.600925,0.614833,0.0,0.5,2.4,6.0,linear
94,87440,24098,0,0.381272,0.596767,0.617222,0.0,0.5,2.4,6.0,linear
95,88130,24483,0,0.381831,0.598773,0.616715,0.0,0.5,2.4,6.0,linear
96,88998,24728,0,0.381129,0.598616,0.617447,0.0,0.5,2.4,6.0,linear
97,88752,24617,0,0.381849,0.600222,0.616876,0.0,0.5,2.4,6.0,linear
98,88790,24538,0,0.383231,0.602272,0.615604,0.0,0.5,2.4,6.0,linear
99,88424,24328,0,0.382562,0.600514,0.616504,0.0,0.5,2.4,6.0,linear
100,88565,24464,0,0.381978,0.599079,0.617139,0.0,0.5,2.4,6.0,linear
101,88378,24400,0,0.38138,0.59821,0.617685,0.0,0.5,2.4,6.0,linear
102,88526,24577,0,0.380923,0.596905,0.618193,0.0,0.5,2.4,6.0,linear
103,88419,24467,0,0.38092,0.597466,0.618196,0.0,0.5,2.4,6.0,linear
104,89023,24638,0,0.381092,0.596949,0.618081,0.0,0.5,2.4,6.0,linear
105,88736,24733,0,0.380332,0.596966,0.618891,0.0,0.5,2.4,6.0,linear
106,88867,24700,0,0.380473,0.596006,0.618758,0.0,0.5,2.4,6.0,linear
107,88827,24574,0,0.381184,0.598212,0.618141,0.0,0.5,2.4,6.0,linear
108,88571,24386,0,0.38159,0.59889,0.617767,0.0,0.5,2.4,6.0,linear
109,88755,24601,0,0.38252,0.599716,0.616863,0.0,0.5,2.4,6.0,linear
110,88583,24292,0,0.383484,0.601433,0.615984,0.0,0.5,2.4,6.0,linear
111,89084,24472,0,0.382204,0.599221,0.617266,0.0,0.5,2.4,6.0,linear
112,88832,24475,0,0.38284,0.599576,0.616714,0.0,0.5,2.4,6.0,linear
113,88585,24625,0,0.382031,0.599169,0.617554,0.0,0.5,2.4,6.0,linear
114,88521,24486,0,0.382038,0.598231,0.617618,0.0,0.5,2.4,6.0,linear
115,88680,24591,0,0.381878,0.597979,0.617856,0.0,0.5,2.4,6.0,linear
116,88868,24652,0,0.380778,0.596887,0.619009,0.0,0.5,2.4,6.0,linear
117,88866,24660,0,0.381398,0.599366,0.618438,0.0,0.5,2.4,6.0,linear
118,89034,24519,0,0.382078,0.599874,0.617782,0.0,0.5,2.4,6.0,linear
119,89147,24758,0,0.382409,0.599325,0.617491,0.0,0.5,2.4,6.0,linear
120,89107,24755,0,0.382781,0.598764,0.617128,0.0,0.5,2.4,6.0,linear
121,88852,24771,0,0.38241,0.59934,0.617488,0.0,0.5,2.4,6.0,linear
122,88401,24616,0,0.382485,0.600197,0.617423,0.0,0.5,2.4,6.0,linear
123,88758,24546,0,0.383212,0.600679,0.616723,0.0,0.5,2.4,6.0,linear
124,88384,24496,0,0.382537,0.601448,0.617421,0.0,0.5,2.4,6.0,linear
125,89004,24568,0,0.382972,0.599195,0.617009,0.0,0.5,2.4,6.0,linear
126,88612,24494,0,0.38256,0.600457,0.617424,0.0,0.5,2.4,6.0,linear
127,88518,24297,0,0.384424,0.603948,0.61556,0.0,0.5,2.4,6.0,linear
128,88558,24165,0,0.384603,0.603668,0.615374,0.0,0.5,2.4,6.0,linear
129,88852,24166,0,0.385503,0.604603,0.614482,0.0,0.5,2.4,6.0,linear
130,88338,24015,0,0.384713,0.603359,0.615268,0.0,0.5,2.4,6.0,linear
131,88292,23879,0,0.384252,0.602006,0.615733,0.0,0.5,2.4,6.0,linear
132,88037,23936,0,0.383741,0.601889,0.616251,0.0,0.5,2.4,6.0,linear
133,87748,23887,0,0.382621,0.60033,0.617371,0.0,0.5,2.4,6.0,linear
134,87909,23910,0,0.384071,0.602207,0.615929,0.0,0.5,2.4,6.0,linear
135,87989,23939,0,0.384696,0.60364,0.615304,0.0,0.5,2.4,6.0,linear
136,87961,23904,0,0.384807,0.603202,0.615193,0.0,0.5,2.4,6.0,linear
137,88028,23923,0,0.384153,0.602682,0.615847,0.0,0.5,2.4,6.0,linear
138,88014,24087,0,0.38384,0.601389,0.61616,0.0,0.5,2.4,6.0,linear
139,87917,24033,0,0.383561,0.601215,0.616439,0.0,0.5,2.4,6.0,linear
140,88168,24372,0,0.382833,0.598797,0.617167,0.0,0.5,2.4,6.0,linear
141,88291,24699,0,0.381515,0.598199,0.618485,0.0,0.5,2.4,6.0,linear
142,88623,24680,0,0.382155,0.599896,0.617845,0.0,0.5,2.4,6.0,linear
143,89011,24748,0,0.382188,0.599766,0.617812,0.0,0.5,2.4,6.0,linear
144,89153,24777,0,0.381927,0.598907,0.618073,0.0,0.5,2.4,6.0,linear
145,89082,24679,0,0.38211,0.599877,0.61789,0.0,0.5,2.4,6.0,linear
146,88811,24409,0,0.3836,0.601267,0.6164,0.0,0.5,2.4,6.0,linear
147,88774,24245,0,0.384229,0.602341,0.615771,0.0,0.5,2.4,6.0,linear
148,88489,24368,0,0.382868,0.600796,0.617132,0.0,0.5,2.4,6.0,linear
149,88254,24401,0,0.38274,0.601154,0.61726,0.0,0.5,2.4,6.0,linear
150,88445,24442,0,0.382187,0.600512,0.617813,0.0,0.5,2.4,6.0,linear
151,88960,24521,0,0.382722,0.601021,0.617278,0.0,0.5,2.4,6.0,linear
152,88828,24647,0,0.382342,0.599589,0.617658,0.0,0.5,2.4,6.0,linear
153,88377,24549,0,0.379966,0.596643,0.620034,0.0,0.5,2.4,6.0,linear
154,88699,24739,0,0.380575,0.59737,0.619425,0.0,0.5,2.4,6.0,linear
155,88802,24604,0,0.381829,0.599141,0.618171,0.0,0.5,2.4,6.0,linear
156,88785,24573,0,0.38287,0.600817,0.61713,0.0,0.5,2.4,6.0,linear
157,88694,24352,0,0.384634,0.603198,0.615366,0.0,0.5,2.4,6.0,linear
158,88557,24319,0,0.383626,0.60138,0.616374,0.0,0.5,2.4,6.0,linear
159,88151,24344,0,0.381573,0.598223,0.618427,0.0,0.5,2.4,6.0,linear
160,88457,24563,0,0.38156,0.597886,0.61844,0.0,0.5,2.4,6.0,linear
161,88616,24656,0,0.380572,0.596285,0.619428,0.0,0.5,2.4,6.0,linear
162,88715,24843,0,0.380387,0.596571,0.619613,0.0,0.5,2.4,6.0,linear
163,88837,24732,0,0.380944,0.598174,0.619056,0.0,0.5,2.4,6.0,linear
164,88742,24747,0,0.380183,0.596897,0.619817,0.0,0.5,2.4,6.0,linear
165,88926,24777,0,0.381822,0.598678,0.618178,0.0,0.5,2.4,6.0,linear
166,88937,24764,0,0.380893,0.597058,0.619107,0.0,0.5,2.4,6.0,linear
167,88997,24871,0,0.382048,0.598915,0.617952,0.0,0.5,2.4,6.0,linear
168,88663,24364,0,0.38328,0.60177,0.61672,0.0,0.5,2.4,6.0,linear
169,88748,24393,0,0.383041,0.601663,0.616959,0.0,0.5,2.4,6.0,linear
170,88539,24332,0,0.382574,0.600273,0.617426,0.0,0.5,2.4,6.0,linear
171,88436,24358,0,0.382766,0.600319,0.617234,0.0,0.5,2.4,6.0,linear
172,88283,24353,0,0.382199,0.599201,0.617801,0.0,0.5,2.4,6.0,linear
173,89227,24576,0,0.384345,0.603347,0.615655,0.0,0.5,2.4,6.0,linear
174,88573,24408,0,0.382636,0.600539,0.617364,0.0,0.5,2.4,6.0,linear
175,88673,24444,0,0.382071,0.598789,0.617929,0.0,0.5,2.4,6.0,linear
176,88776,24545,0,0.383837,0.601096,0.616163,0.0,0.5,2.4,6.0,linear
177,88564,24473,0,0.381794,0.599311,0.618206,0.0,0.5,2.4,6.0,linear
178,88759,24503,0,0.381813,0.598497,0.618187,0.0,0.5,2.4,6.0,linear
179,88936,24750,0,0.380835,0.596576,0.619165,0.0,0.5,2.4,6.0,linear
180,88820,24681,0,0.38046,0.596446,0.61954,0.0,0.5,2.4,6.0,linear
181,89128,24937,0,0.379427,0.593858,0.620573,0.0,0.5,2.4,6.0,linear
182,89591,25130,0,0.377765,0.591631,0.622235,0.0,0.5,2.4,6.0,linear
183,89649,25295,0,0.378412,0.593676,0.621588,0.0,0.5,2.4,6.0,linear
184,89218,25180,0,0.379761,0.596919,0.620239,0.0,0.5,2.4,6.0,linear
185,89449,24758,0,0.380823,0.59743,0.619177,0.0,0.5,2.4,6.0,linear
186,88669,24707,0,0.379876,0.596953,0.620124,0.0,0.5,2.4,6.0,linear
187,88887,24697,0,0.381521,0.598792,0.618479,0.0,0.5,2.4,6.0,linear
188,88889,24521,0,0.382618,0.600201,0.617382,0.0,0.5,2.4,6.0,linear
189,88799,24522,0,0.382738,0.599193,0.617262,0.0,0.5,2.4,6.0,linear
190,89020,24579,0,0.382509,0.598637,0.617491,0.0,0.5,2.4,6.0,linear
191,88659,24612,0,0.379818,0.595115,0.620182,0.0,0.5,2.4,6.0,linear
192,88783,24743,0,0.380265,0.595785,0.619735,0.0,0.5,2.4,6.0,linear
193,88911,24690,0,0.378873,0.593284,0.621127,0.0,0.5,2.4,6.0,linear
194,89245,24890,0,0.377132,0.591037,0.622868,0.0,0.5,2.4,6.0,linear
195,89607,25223,0,0.378742,0.593555,0.621258,0.0,0.5,2.4,6.0,linear
196,89550,25028,0,0.378039,0.592775,0.621961,0.0,0.5,2.4,6.0,linear
197,89956,25072,0,0.378779,0.593789,0.621221,0.0,0.5,2.4,6.0,linear
198,89496,25046,0,0.377549,0.591066,0.622451,0.0,0.5,2.4,6.0,linear
199,89480,25214,0,0.379002,0.593875,0.620998,0.0,0.5,2.4,6.0,linear
200,89095,25021,0,0.379301,0.594433,0.620699,0.0,0.5,2.4,6.0,linear
201,89307,25032,0,0.380486,0.597018,0.619514,0.0,0.5,2.4,6.0,linear
202,89227,25050,0,0.379971,0.595931,0.620029,0.0,0.5,2.4,6.0,linear
203,89523,25093,0,0.379261,0.594451,0.620739,0.0,0.5,2.4,6.0,linear
204,89673,25089,0,0.379828,0.595418,0.620172,0.0,0.5,2.4,6.0,linear
205,89030,24792,0,0.379132,0.594701,0.620868,0.0,0.5,2.4,6.0,linear
206,89312,24915,0,0.380068,0.596111,0.619932,0.0,0.5,2.4,6.0,linear
207,89335,25023,0,0.379867,0.595546,0.620133,0.0,0.5,2.4,6.0,linear
208,88721,24865,0,0.379302,0.596221,0.620698,0.0,0.5,2.4,6.0,linear
209,88870,24719,0,0.381199,0.598331,0.618801,0.0,0.5,2.4,6.0,linear
210,89011,24785,0,0.381271,0.597829,0.618729,0.0,0.5,2.4,6.0,linear
211,88998,24857,0,0.381463,0.598554,0.618537,0.0,0.5,2.4,6.0,linear
212,88944,24869,0,0.381373,0.598756,0.618627,0.0,0.5,2.4,6.0,linear
213,89187,24898,0,0.383399,0.601687,0.616601,0.0,0.5,2.4,6.0,linear
214,89031,24568,0,0.383928,0.601498,0.616072,0.0,0.5,2.4,6.0,linear
215,88684,24415,0,0.382781,0.599878,0.617219,0.0,0.5,2.4,6.0,linear
216,88656,24554,0,0.381822,0.5989,0.618178,0.0,0.5,2.4,6.0,linear
217,88929,24519,0,0.38214,0.599457,0.61786,0.0,0.5,2.4,6.0,linear
218,88675,24460,0,0.383344,0.600598,0.616656,0.0,0.5,2.4,6.0,linear
219,88385,24491,0,0.382363,0.599132,0.617637,0.0,0.5,2.4,6.0,linear
220,88937,24702,0,0.381767,0.599385,0.618233,0.0,0.5,2.4,6.0,linear
221,88905,24633,0,0.382409,0.600318,0.617591,0.0,0.5,2.4,6.0,linear
222,88621,24490,0,0.382763,0.600726,0.617237,0.0,0.5,2.4,6.0,linear
223,88552,24552,0,0.383608,0.602561,0.616392,0.0,0.5,2.4,6.0,linear
224,88599,24366,0,0.384214,0.604107,0.615786,0.0,0.5,2.4,6.0,linear
225,88411,24162,0,0.383732,0.6025,0.616268,0.0,0.5,2.4,6.0,linear
226,88172,24255,0,0.383573,0.601162,0.616427,0.0,0.5,2.4,6.0,linear
227,88450,24344,0,0.383597,0.600948,0.616403,0.0,0.5,2.4,6.0,linear
228,88352,24146,0,0.383834,0.601001,0.616166,0.0,0.5,2.4,6.0,linear
229,88437,24350,0,0.382672,0.600073,0.617328,0.0,0.5,2.4,6.0,linear
230,88327,24249,0,0.383499,0.601058,0.616501,0.0,0.5,2.4,6.0,linear
231,88447,24248,0,0.382856,0.601336,0.617144,0.0,0.5,2.4,6.0,linear
232,88457,24202,0,0.383112,0.601209,0.616888,0.0,0.5,2.4,6.0,linear
233,88402,24183,0,0.382836,0.60044,0.617164,0.0,0.5,2.4,6.0,linear
234,88517,24289,0,0.381989,0.599399,0.618011,0.0,0.5,2.4,6.0,linear
235,88559,24437,0,0.382068,0.599584,0.617932,0.0,0.5,2.4,6.0,linear
236,88291,24282,0,0.383823,0.602819,0.616177,0.0,0.5,2.4,6.0,linear
237,88734,24175,0,0.383696,0.601777,0.616304,0.0,0.5,2.4,6.0,linear
238,88808,24389,0,0.383238,0.600136,0.616762,0.0,0.5,2.4,6.0,linear
239,88605,24598,0,0.383063,0.600848,0.616937,0.0,0.5,2.4,6.0,linear
240,88340,24415,0,0.3824,0.599645,0.6176,0.0,0.5,2.4,6.0,linear
241,88338,24376,0,0.383055,0.600176,0.616945,0.0,0.5,2.4,6.0,linear
242,88293,24418,0,0.382369,0.599503,0.617631,0.0,0.5,2.4,6.0,linear
243,88559,24565,0,0.383622,0.602728,0.616378,0.0,0.5,2.4,6.0,linear
244,88535,24283,0,0.385738,0.606655,0.614262,0.0,0.5,2.4,6.0,linear
245,88901,24160,0,0.385645,0.606078,0.614355,0.0,0.5,2.4,6.0,linear
246,88175,23950,0,0.385855,0.606072,0.614145,0.0,0.5,2.4,6.0,linear
247,88185,24020,0,0.385827,0.605618,0.614173,0.0,0.5,2.4,6.0,linear
248,88086,23962,0,0.386487,0.606182,0.613513,0.0,0.5,2.4,6.0,linear
249,87870,23914,0,0.385704,0.604992,0.614296,0.0,0.5,2.4,6.0,linear
250,88097,24025,0,0.384028,0.601787,0.615972,0.0,0.5,2.4,6.0,linear
251,88190,24169,0,0.384326,0.602938,0.615674,0.0,0.5,2.4,6.0,linear
252,88321,24257,0,0.383643,0.601424,0.616357,0.0,0.5,2.4,6.0,linear
253,87937,24281,0,0.381762,0.597962,0.618238,0.0,0.5,2.4,6.0,linear
254,88094,24315,0,0.382171,0.597672,0.617829,0.0,0.5,2.4,6.0,linear
255,88538,24551,0,0.381594,0.597286,0.618406,0.0,0.5,2.4,6.0,linear
256,88753,24667,0,0.381109,0.597739,0.618891,0.0,0.5,2.4,6.0,linear
257,88747,24799,0,0.381014,0.597584,0.618986,0.0,0.5,2.4,6.0,linear
258,88363,24707,0,0.382184,0.599803,0.617816,0.0,0.5,2.4,6.0,linear
259,88505,24605,0,0.381584,0.598907,0.618416,0.0,0.5,2.4,6.0,linear
260,88768,24617,0,0.383773,0.602194,0.616227,0.0,0.5,2.4,6.0,linear
261,88606,24394,0,0.384225,0.603526,0.615775,0.0,0.5,2.4,6.0,linear
262,88852,24464,0,0.382696,0.600259,0.617304,0.0,0.5,2.4,6.0,linear
263,88790,24330,0,0.383518,0.601459,0.616482,0.0,0.5,2.4,6.0,linear
264,88433,24264,0,0.383609,0.601736,0.616391,0.0,0.5,2.4,6.0,linear
265,87841,24139,0,0.383351,0.601913,0.616649,0.0,0.5,2.4,6.0,linear
266,88225,24132,0,0.383874,0.602832,0.616126,0.0,0.5,2.4,6.0,linear
267,88508,24226,0,0.383005,0.600236,0.616995,0.0,0.5,2.4,6.0,linear
268,88503,24277,0,0.382592,0.598724,0.617408,0.0,0.5,2.4,6.0,linear
269,88582,24526,0,0.38063,0.594968,0.61937,0.0,0.5,2.4,6.0,linear
270,88271,24651,0,0.379538,0.59575,0.620462,0.0,0.5,2.4,6.0,linear
271,89055,24812,0,0.380448,0.596837,0.619552,0.0,0.5,2.4,6.0,linear
272,89043,24775,0,0.380486,0.59626,0.619514,0.0,0.5,2.4,6.0,linear
273,89099,24858,0,0.381304,0.597774,0.618696,0.0,0.5,2.4,6.0,linear
274,88670,24692,0,0.380428,0.598033,0.619572,0.0,0.5,2.4,6.0,linear
275,88749,24634,0,0.382143,0.60046,0.617857,0.0,0.5,2.4,6.0,linear
276,88463,24412,0,0.384245,0.603737,0.615755,0.0,0.5,2.4,6.0,linear
277,88402,24301,0,0.383813,0.602255,0.616187,0.0,0.5,2.4,6.0,linear
278,88216,24350,0,0.383132,0.600324,0.616868,0.0,0.5,2.4,6.0,linear
279,88621,24464,0,0.382915,0.600067,0.617085,0.0,0.5,2.4,6.0,linear
280,88254,24439,0,0.381462,0.59804,0.618538,0.0,0.5,2.4,6.0,linear
281,88792,24513,0,0.381701,0.599028,0.618299,0.0,0.5,2.4,6.0,linear
282,89045,24710,0,0.381439,0.598207,0.618561,0.0,0.5,2.4,6.0,linear
283,88890,24637,0,0.381998,0.598026,0.618002,0.0,0.5,2.4,6.0,linear
284,88654,24713,0,0.381252,0.596987,0.618748,0.0,0.5,2.4,6.0,linear
285,89455,25109,0,0.380082,0.596029,0.619918,0.0,0.5,2.4,6.0,linear
286,89401,24910,0,0.381278,0.598656,0.618722,0.0,0.5,2.4,6.0,linear
287,89278,24730,0,0.381506,0.599121,0.618494,0.0,0.5,2.4,6.0,linear
288,88942,24622,0,0.380616,0.59807,0.619384,0.0,0.5,2.4,6.0,linear
289,88977,24728,0,0.381392,0.59797,0.618608,0.0,0.5,2.4,6.0,linear
290,88984,24721,0,0.381793,0.5991,0.618207,0.0,0.5,2.4,6.0,linear
291,88908,24831,0,0.382172,0.599922,0.617828,0.0,0.5,2.4,6.0,linear
292,88731,24916,0,0.382173,0.600452,0.617827,0.0,0.5,2.4,6.0,linear
293,89028,24729,0,0.381856,0.600282,0.618144,0.0,0.5,2.4,6.0,linear
294,89125,24685,0,0.381813,0.599739,0.618187,0.0,0.5,2.4,6.0,linear
295,89083,24590,0,0.382237,0.599623,0.617763,0.0,0.5,2.4,6.0,linear
296,88931,24561,0,0.383909,0.602272,0.616091,0.0,0.5,2.4,6.0,linear
297,88777,24402,0,0.383605,0.602824,0.616395,0.0,0.5,2.4,6.0,linear
298,88906,24343,0,0.383573,0.6026,0.616427,0.0,0.5,2.4,6.0,linear
299,88858,24215,0,0.384176,0.603272,0.615824,0.0,0.5,2.4,6.0,linear
300,88338,24153,0,0.383831,0.601064,0.616169,0.0,0.5,2.4,6.0,linear
301,88305,24227,0,0.383555,0.601292,0.616445,0.0,0.5,2.4,6.0,linear
302,88302,24393,0,0.383856,0.601361,0.616144,0.0,0.5,2.4,6.0,linear
303,88078,24184,0,0.385492,0.604492,0.614508,0.0,0.5,2.4,6.0,linear
304,88229,24190,0,0.385346,0.604694,0.614654,0.0,0.5,2.4,6.0,linear
305,88097,24153,0,0.384444,0.604746,0.615556,0.0,0.5,2.4,6.0,linear
306,88205,24022,0,0.383198,0.600659,0.616802,0.0,0.5,2.4,6.0,linear
307,88251,23990,0,0.38366,0.60209,0.61634,0.0,0.5,2.4,6.0,linear
308,88340,24026,0,0.38344,0.601361,0.61656,0.0,0.5,2.4,6.0,linear
309,88114,23972,0,0.382876,0.599805,0.617124,0.0,0.5,2.4,6.0,linear
310,88044,24070,0,0.382717,0.599979,0.617283,0.0,0.5,2.4,6.0,linear
311,88238,24240,0,0.383059,0.59994,0.616941,0.0,0.5,2.4,6.0,linear
312,88456,24294,0,0.383713,0.601236,0.616287,0.0,0.5,2.4,6.0,linear
313,88721,24265,0,0.383301,0.600778,0.616699,0.0,0.5,2.4,6.0,linear
314,88412,24234,0,0.381552,0.597912,0.618448,0.0,0.5,2.4,6.0,linear
315,88374,24298,0,0.381026,0.596816,0.618974,0.0,0.5,2.4,6.0,linear
316,88284,24426,0,0.381537,0.59793,0.618463,0.0,0.5,2.4,6.0,linear
317,88756,24599,0,0.380243,0.595738,0.619757,0.0,0.5,2.4,6.0,linear

