generation,size,female_size,fertile_female_size,rate_dr,rate_has_drive,rate_complete_r2,rate_partial_r2,drive_efficiency,drop_ratio,low_density_growth_rate,density_growth_curve
1,78375,49133,49133,0.0,0.0,0.0,0.0,0.5,0.025,6.0,linear
2,77913,48934,48934,0.0,0.0,0.0,0.0,0.5,0.025,6.0,linear
3,79539,50054,50054,0.0,0.0,0.0,0.0,0.5,0.025,6.0,linear
4,80945,51135,51135,0.0,0.0,0.0,0.0,0.5,0.025,6.0,linear
5,79683,50595,50595,0.0,0.0,0.0,0.0,0.5,0.025,6.0,linear
6,76424,49306,49306,0.0,0.0,0.0,0.0,0.5,0.025,6.0,linear
7,76296,49106,49106,0.0,0.0,0.0,0.0,0.5,0.025,6.0,linear
8,78697,50058,50058,0.0,0.0,0.0,0.0,0.5,0.025,6.0,linear
9,79459,50275,50275,0.0,0.0,0.0,0.0,0.5,0.025,6.0,linear
10,78469,49728,49728,0.0,0.0,0.0,0.0,0.5,0.025,6.0,linear
11,77439,49262,49262,0.0,0.0,0.0,0.0,0.5,0.025,6.0,linear
12,78783,49970,49970,0.0017889,0.0021522,0.0,0.0,0.5,0.025,6.0,linear
13,80150,50441,50434,0.00334502,0.00452426,0.0,0.0,0.5,0.025,6.0,linear
14,79916,50274,50243,0.0041841,0.00623929,0.0,0.0,0.5,0.025,6.0,linear
15,79256,49890,49829,0.00515344,0.0083352,0.0,0.0,0.5,0.025,6.0,linear
16,78197,49536,49449,0.00656697,0.0110016,0.0,0.0,0.5,0.025,6.0,linear
17,80067,50310,50184,0.0076385,0.0131077,0.0,0.0,0.5,0.025,6.0,linear
18,79486,50226,50060,0.00858727,0.0150675,0.0,0.0,0.5,0.025,6.0,linear
19,77743,49427,49231,0.00971452,0.0172178,0.0,0.0,0.5,0.025,6.0,linear
20,76922,48979,48742,0.0108576,0.0196051,0.0,0.0,0.5,0.025,6.0,linear
21,79368,49904,49611,0.0122582,0.0222918,0.0,0.0,0.5,0.025,6.0,linear
22,80411,50301,49969,0.0129728,0.0239085,0.0,0.0,0.5,0.025,6.0,linear
23,80475,50247,49877,0.0139423,0.0257234,0.0,0.0,0.5,0.025,6.0,linear
24,79604,50135,49730,0.0148074,0.0275208,0.0,0.0,0.5,0.025,6.0,linear
25,78077,49310,48876,0.0162981,0.0304404,0.0,0.0,0.5,0.025,6.0,linear
26,79093,49720,49248,0.0169854,0.031893,0.0,0.0,0.5,0.025,6.0,linear
27,79242,49560,49043,0.0182406,0.0343898,0.0,0.0,0.5,0.025,6.0,linear
28,79235,49477,48931,0.0190623,0.0361123,0.0,0.0,0.5,0.025,6.0,linear
29,80498,50044,49427,0.0199907,0.0377379,0.0,0.0,0.5,0.025,6.0,linear
30,79924,49948,49288,0.0207581,0.0394185,0.0,0.0,0.5,0.025,6.0,linear
31,79940,49871,49189,0.0216648,0.0413459,0.0,0.0,0.5,0.025,6.0,linear
32,79729,49635,48929,0.0227981,0.0432857,0.0,0.0,0.5,0.025,6.0,linear
33,79069,49031,48307,0.023494,0.0447627,0.0,0.0,0.5,0.025,6.0,linear
34,79255,49250,48520,0.0244259,0.0465026,0.0,0.0,0.5,0.025,6.0,linear
35,80615,50116,49303,0.0251466,0.0478109,0.0,0.0,0.5,0.025,6.0,linear
36,80903,50079,49242,0.0253869,0.0484406,0.0,0.0,0.5,0.025,6.0,linear
37,79605,49414,48559,0.0263468,0.050364,0.0,0.0,0.5,0.025,6.0,linear
38,79261,49239,48363,0.0274393,0.0524921,0.0,0.0,0.5,0.025,6.0,linear
39,80179,49823,48926,0.0278229,0.0533668,0.0,0.0,0.5,0.025,6.0,linear
40,81150,49970,49039,0.0283157,0.0541145,0.0,0.0,0.5,0.025,6.0,linear
41,79988,49491,48552,0.0294309,0.0561144,0.0,0.0,0.5,0.025,6.0,linear
42,80205,49546,48602,0.0303355,0.0582683,0.0,0.0,0.5,0.025,6.0,linear
43,80277,49750,48729,0.0310947,0.0597955,0.0,0.0,0.5,0.025,6.0,linear
44,80220,49585,48526,0.031881,0.0612605,0.0,0.0,0.5,0.025,6.0,linear
45,80436,49594,48511,0.032046,0.0614084,0.0,0.0,0.5,0.025,6.0,linear
46,80976,49707,48652,0.0330406,0.063255,0.0,0.0,0.5,0.025,6.0,linear
47,81260,49889,48760,0.0329582,0.0630921,0.0,0.0,0.5,0.025,6.0,linear
48,81372,50089,48962,0.0331674,0.0633224,0.0,0.0,0.5,0.025,6.0,linear
49,79887,49422,48292,0.0351409,0.0671431,0.0,0.0,0.5,0.025,6.0,linear
50,79940,49158,48002,0.035873,0.0690143,0.0,0.0,0.5,0.025,6.0,linear
51,80022,49270,48069,0.0362303,0.0696402,0.0,0.0,0.5,0.025,6.0,linear
52,82032,50370,49095,0.0364988,0.0701239,0.0,0.0,0.5,0.025,6.0,linear
53,81183,50108,48832,0.0371104,0.0712707,0.0,0.0,0.5,0.025,6.0,linear
54,79836,49376,48108,0.0382717,0.0734651,0.0,0.0,0.5,0.025,6.0,linear
55,80894,50023,48733,0.038466,0.0739234,0.0,0.0,0.5,0.025,6.0,linear
56,81483,50141,48836,0.0384494,0.0737735,0.0,0.0,0.5,0.025,6.0,linear
57,79931,49222,47923,0.0399882,0.0767472,0.0,0.0,0.5,0.025,6.0,linear
58,79253,48774,47417,0.0405409,0.0781267,0.0,0.0,0.5,0.025,6.0,linear
59,80700,49361,47994,0.0418597,0.080593,0.0,0.0,0.5,0.025,6.0,linear
60,81927,49741,48349,0.0419589,0.0809068,0.0,0.0,0.5,0.025,6.0,linear
61,81480,49703,48267,0.0428059,0.0824509,0.0,0.0,0.5,0.025,6.0,linear
62,81502,49773,48306,0.0439975,0.0846656,0.0,0.0,0.5,0.025,6.0,linear
63,80704,49487,48051,0.0442836,0.0849899,0.0,0.0,0.5,0.025,6.0,linear
64,81127,49640,48179,0.0449731,0.0865049,0.0,0.0,0.5,0.025,6.0,linear
65,80841,49423,47942,0.0453327,0.0868473,0.0,0.0,0.5,0.025,6.0,linear
66,81198,49411,47896,0.046291,0.0889476,0.0,0.0,0.5,0.025,6.0,linear
67,81212,49410,47868,0.0470373,0.0904467,0.0,0.0,0.5,0.025,6.0,linear
68,81126,49498,47922,0.0479604,0.0922819,0.0,0.0,0.5,0.025,6.0,linear
69,81907,50026,48413,0.0477443,0.0923501,0.0,0.0,0.5,0.025,6.0,linear
70,81320,49654,48019,0.0492692,0.0953229,0.0,0.0,0.5,0.025,6.0,linear
71,81274,49485,47834,0.050184,0.096714,0.0,0.0,0.5,0.025,6.0,linear
72,81129,49307,47671,0.0507507,0.0974735,0.0,0.0,0.5,0.025,6.0,linear
73,81307,49249,47543,0.0512968,0.0988696,0.0,0.0,0.5,0.025,6.0,linear
74,81678,49291,47532,0.0519693,0.10017,0.0,0.0,0.5,0.025,6.0,linear
75,81829,49259,47458,0.0524574,0.101154,0.0,0.0,0.5,0.025,6.0,linear
76,81957,49527,47708,0.0525211,0.101222,0.0,0.0,0.5,0.025,6.0,linear
77,81543,49525,47714,0.0532237,0.102632,0.0,0.0,0.5,0.025,6.0,linear
78,81844,49571,47766,0.0538227,0.103909,0.0,0.0,0.5,0.025,6.0,linear
79,82242,49653,47809,0.0537834,0.10363,0.0,0.0,0.5,0.025,6.0,linear
80,81438,49298,47440,0.05412,0.104306,0.0,0.0,0.5,0.025,6.0,linear
81,80635,48951,47109,0.0555148,0.107073,0.0,0.0,0.5,0.025,6.0,linear
82,81359,49032,47110,0.0558584,0.107528,0.0,0.0,0.5,0.025,6.0,linear
83,82298,49332,47344,0.057088,0.109949,0.0,0.0,0.5,0.025,6.0,linear
84,83300,49917,47836,0.0572019,0.110351,0.0,0.0,0.5,0.025,6.0,linear
85,82588,49961,47907,0.056955,0.109319,0.0,0.0,0.5,0.025,6.0,linear
86,81344,49333,47297,0.0572366,0.110156,0.0,0.0,0.5,0.025,6.0,linear
87,81263,49398,47369,0.0574216,0.110782,0.0,0.0,0.5,0.025,6.0,linear
88,81976,49359,47343,0.058469,0.112658,0.0,0.0,0.5,0.025,6.0,linear
89,81848,49167,47184,0.0595098,0.114404,0.0,0.0,0.5,0.025,6.0,linear
90,81393,48934,46949,0.0595256,0.114715,0.0,0.0,0.5,0.025,6.0,linear
91,82049,49341,47345,0.0591011,0.113922,0.0,0.0,0.5,0.025,6.0,linear
92,83024,49736,47657,0.0596059,0.114807,0.0,0.0,0.5,0.025,6.0,linear
93,82665,49622,47566,0.0597928,0.115205,0.0,0.0,0.5,0.025,6.0,linear
94,81655,49156,47073,0.0609366,0.117329,0.0,0.0,0.5,0.025,6.0,linear
95,82036,49432,47314,0.060415,0.116335,0.0,0.0,0.5,0.025,6.0,linear
96,82308,49735,47599,0.0613257,0.118083,0.0,0.0,0.5,0.025,6.0,linear
97,82130,49369,47264,0.0608079,0.117046,0.0,0.0,0.5,0.025,6.0,linear
98,80929,48567,46472,0.0613679,0.118146,0.0,0.0,0.5,0.025,6.0,linear
99,81849,49081,46974,0.0618645,0.118873,0.0,0.0,0.5,0.025,6.0,linear
100,83761,49997,47824,0.0619819,0.119108,0.0,0.0,0.5,0.025,6.0,linear
101,82358,49374,47219,0.0625921,0.120407,0.0,0.0,0.5,0.025,6.0,linear
102,82080,49169,46961,0.0633291,0.12166,0.0,0.0,0.5,0.025,6.0,linear
103,82205,49326,47060,0.0636979,0.122281,0.0,0.0,0.5,0.025,6.0,linear
104,82662,49481,47277,0.0632528,0.121317,0.0,0.0,0.5,0.025,6.0,linear
105,81424,49053,46888,0.0641575,0.12314,0.0,0.0,0.5,0.025,6.0,linear
106,81476,48900,46709,0.0641193,0.12301,0.0,0.0,0.5,0.025,6.0,linear
107,82173,49178,47023,0.0648763,0.124833,0.0,0.0,0.5,0.025,6.0,linear
108,82486,49153,46963,0.0648383,0.125273,0.0,0.0,0.5,0.025,6.0,linear
109,82159,49158,46931,0.0650201,0.125406,0.0,0.0,0.5,0.025,6.0,linear
110,81886,49097,46861,0.0657743,0.1268,0.0,0.0,0.5,0.025,6.0,linear
111,82662,49301,46989,0.0654785,0.125847,0.0,0.0,0.5,0.025,6.0,linear
112,82282,49027,46681,0.0675972,0.129847,0.0,0.0,0.5,0.025,6.0,linear
113,82377,49175,46840,0.0675696,0.129803,0.0,0.0,0.5,0.025,6.0,linear
114,82242,49050,46749,0.0681759,0.131223,0.0,0.0,0.5,0.025,6.0,linear
115,82251,48971,46612,0.0690943,0.132841,0.0,0.0,0.5,0.025,6.0,linear
116,82483,49204,46765,0.0690048,0.132665,0.0,0.0,0.5,0.025,6.0,linear
117,82002,48847,46437,0.0698484,0.133962,0.0,0.0,0.5,0.025,6.0,linear
118,82213,49058,46576,0.0698373,0.134054,0.0,0.0,0.5,0.025,6.0,linear
119,83089,49518,46998,0.0702174,0.134555,0.0,0.0,0.5,0.025,6.0,linear
120,82424,49239,46731,0.0705614,0.135282,0.0,0.0,0.5,0.025,6.0,linear
121,82706,49339,46808,0.0710798,0.136481,0.0,0.0,0.5,0.025,6.0,linear
122,82166,49008,46489,0.0711991,0.136786,0.0,0.0,0.5,0.025,6.0,linear
123,82878,49266,46753,0.0713133,0.136621,0.0,0.0,0.5,0.025,6.0,linear
124,82870,49402,46840,0.0723762,0.138854,0.0,0.0,0.5,0.025,6.0,linear
125,82235,49110,46559,0.0733842,0.14084,0.0,0.0,0.5,0.025,6.0,linear
126,81714,48554,46036,0.0741528,0.142367,0.0,0.0,0.5,0.025,6.0,linear
127,82587,48962,46359,0.0745152,0.14307,0.0,0.0,0.5,0.025,6.0,linear
128,82737,48999,46413,0.0749067,0.143568,0.0,0.0,0.5,0.025,6.0,linear
129,82933,49076,46464,0.0751967,0.143752,0.0,0.0,0.5,0.025,6.0,linear
130,82745,49054,46453,0.0753054,0.144221,0.0,0.0,0.5,0.025,6.0,linear
131,82523,48989,46391,0.075595,0.144812,0.0,0.0,0.5,0.025,6.0,linear
132,82866,49247,46651,0.075989,0.145876,0.0,0.0,0.5,0.025,6.0,linear
133,82412,49051,46456,0.0762668,0.146594,0.0,0.0,0.5,0.025,6.0,linear
134,82919,49300,46650,0.0768842,0.148137,0.0,0.0,0.5,0.025,6.0,linear
135,82261,48609,45895,0.0774335,0.14884,0.0,0.0,0.5,0.025,6.0,linear
136,82268,48709,46030,0.0782276,0.150277,0.0,0.0,0.5,0.025,6.0,linear
137,83194,49222,46496,0.0782857,0.150447,0.0,0.0,0.5,0.025,6.0,linear
138,82944,49030,46332,0.0777093,0.149379,0.0,0.0,0.5,0.025,6.0,linear
139,82662,49009,46227,0.0782696,0.150495,0.0,0.0,0.5,0.025,6.0,linear
140,82400,48889,46142,0.0787367,0.151392,0.0,0.0,0.5,0.025,6.0,linear
141,82443,48798,46000,0.0803719,0.154237,0.0,0.0,0.5,0.025,6.0,linear
142,82611,48596,45790,0.0807794,0.155055,0.0,0.0,0.5,0.025,6.0,linear
143,82130,48360,45612,0.0810783,0.155462,0.0,0.0,0.5,0.025,6.0,linear
144,83100,48684,45900,0.0808014,0.154855,0.0,0.0,0.5,0.025,6.0,linear
145,83415,48831,46095,0.0804331,0.153987,0.0,0.0,0.5,0.025,6.0,linear
146,83696,49051,46256,0.0803424,0.154348,0.0,0.0,0.5,0.025,6.0,linear
147,84241,49832,46987,0.0808717,0.155116,0.0,0.0,0.5,0.025,6.0,linear
148,83267,49354,46569,0.0799864,0.153451,0.0,0.0,0.5,0.025,6.0,linear
149,81689,48300,45519,0.0823048,0.158141,0.0,0.0,0.5,0.025,6.0,linear
150,82424,48447,45543,0.0826319,0.15864,0.0,0.0,0.5,0.025,6.0,linear
151,82867,48571,45656,0.0822419,0.157999,0.0,0.0,0.5,0.025,6.0,linear
152,83654,48905,46068,0.0826258,0.1584,0.0,0.0,0.5,0.025,6.0,linear
153,83620,48930,46045,0.0820197,0.157226,0.0,0.0,0.5,0.025,6.0,linear
154,83346,49095,46190,0.0829517,0.158705,0.0,0.0,0.5,0.025,6.0,linear
155,82644,48610,45669,0.0833556,0.159436,0.0,0.0,0.5,0.025,6.0,linear
156,82175,48431,45552,0.0838094,0.160358,0.0,0.0,0.5,0.025,6.0,linear
157,83265,48852,45914,0.0843836,0.161631,0.0,0.0,0.5,0.025,6.0,linear
158,83360,48685,45766,0.0846654,0.162289,0.0,0.0,0.5,0.025,6.0,linear
159,83090,48605,45668,0.0843593,0.161616,0.0,0.0,0.5,0.025,6.0,linear
160,83001,48557,45574,0.0854726,0.163936,0.0,0.0,0.5,0.025,6.0,linear
161,83840,48934,45883,0.0857197,0.164301,0.0,0.0,0.5,0.025,6.0,linear
162,83269,48788,45717,0.0862541,0.165435,0.0,0.0,0.5,0.025,6.0,linear
163,82697,48595,45531,0.0875878,0.167866,0.0,0.0,0.5,0.025,6.0,linear
164,82151,48339,45276,0.0875712,0.16767,0.0,0.0,0.5,0.025,6.0,linear
165,83408,48647,45590,0.0879331,0.168399,0.0,0.0,0.5,0.025,6.0,linear
166,83618,48768,45634,0.0877993,0.168035,0.0,0.0,0.5,0.025,6.0,linear
167,83873,48939,45728,0.0875126,0.167378,0.0,0.0,0.5,0.025,6.0,linear
168,83834,49028,45910,0.0880964,0.168409,0.0,0.0,0.5,0.025,6.0,linear
169,83543,48866,45830,0.0881392,0.168209,0.0,0.0,0.5,0.025,6.0,linear
170,83286,48616,45708,0.0875256,0.167585,0.0,0.0,0.5,0.025,6.0,linear
171,83137,48539,45538,0.0873315,0.167118,0.0,0.0,0.5,0.025,6.0,linear
172,83015,48693,45652,0.0873955,0.167108,0.0,0.0,0.5,0.025,6.0,linear
173,82919,48645,45605,0.088297,0.1691,0.0,0.0,0.5,0.025,6.0,linear
174,83401,48847,45747,0.0882208,0.168546,0.0,0.0,0.5,0.025,6.0,linear
175,83524,48762,45628,0.088656,0.169883,0.0,0.0,0.5,0.025,6.0,linear
176,83071,48429,45270,0.0904978,0.173492,0.0,0.0,0.5,0.025,6.0,linear
177,82712,48281,45061,0.090706,0.173962,0.0,0.0,0.5,0.025,6.0,linear
178,83422,48481,45254,0.0894377,0.171289,0.0,0.0,0.5,0.025,6.0,linear
179,82685,48502,45317,0.0899798,0.172342,0.0,0.0,0.5,0.025,6.0,linear
180,83289,48666,45499,0.0907092,0.17403,0.0,0.0,0.5,0.025,6.0,linear
181,83549,48766,45596,0.0907397,0.173939,0.0,0.0,0.5,0.025,6.0,linear
182,82810,48157,45012,0.0910969,0.174494,0.0,0.0,0.5,0.025,6.0,linear
183,82405,47884,44802,0.091941,0.176071,0.0,0.0,0.5,0.025,6.0,linear
184,83351,48131,45001,0.0919407,0.175724,0.0,0.0,0.5,0.025,6.0,linear
185,84254,48735,45507,0.0920918,0.175756,0.0,0.0,0.5,0.025,6.0,linear
186,84626,48950,45700,0.0919517,0.175629,0.0,0.0,0.5,0.025,6.0,linear
187,83677,48659,45416,0.0922429,0.175908,0.0,0.0,0.5,0.025,6.0,linear
188,83190,48376,45093,0.0934617,0.178561,0.0,0.0,0.5,0.025,6.0,linear
189,83506,48688,45367,0.0931169,0.177686,0.0,0.0,0.5,0.025,6.0,linear
190,82765,48418,45124,0.093908,0.179249,0.0,0.0,0.5,0.025,6.0,linear
191,83323,48568,45307,0.0936878,0.178709,0.0,0.0,0.5,0.025,6.0,linear
192,82912,48402,45068,0.0934078,0.178286,0.0,0.0,0.5,0.025,6.0,linear
193,83025,48350,45056,0.0941551,0.179733,0.0,0.0,0.5,0.025,6.0,linear
194,83546,48697,45294,0.0944872,0.180117,0.0,0.0,0.5,0.025,6.0,linear
195,83752,48717,45272,0.094784,0.180802,0.0,0.0,0.5,0.025,6.0,linear
196,83597,48487,45140,0.0955262,0.182424,0.0,0.0,0.5,0.025,6.0,linear
197,83690,48498,45130,0.0960337,0.184115,0.0,0.0,0.5,0.025,6.0,linear
198,83333,48565,45162,0.0957748,0.183257,0.0,0.0,0.5,0.025,6.0,linear
199,83201,48394,44960,0.0957379,0.182871,0.0,0.0,0.5,0.025,6.0,linear
200,82928,48189,44808,0.0957848,0.183,0.0,0.0,0.5,0.025,6.0,linear
201,83291,48338,44918,0.0967094,0.183668,0.0,0.0,0.5,0.025,6.0,linear
202,83724,48738,45311,0.0963581,0.183121,0.0,0.0,0.5,0.025,6.0,linear
203,84488,48960,45476,0.0974464,0.18535,0.0,0.0,0.5,0.025,6.0,linear
204,83936,48639,45179,0.0971435,0.185102,0.0,0.0,0.5,0.025,6.0,linear
205,82602,48263,44816,0.0977034,0.18627,0.0,0.0,0.5,0.025,6.0,linear
206,83027,48440,44956,0.0975486,0.186068,0.0,0.0,0.5,0.025,6.0,linear
207,82810,48237,44767,0.0975526,0.185705,0.0,0.0,0.5,0.025,6.0,linear
208,82732,48096,44640,0.0975206,0.186046,0.0,0.0,0.5,0.025,6.0,linear
209,83561,48428,44958,0.0975487,0.18602,0.0,0.0,0.5,0.025,6.0,linear
210,83257,48440,45071,0.0979086,0.186595,0.0,0.0,0.5,0.025,6.0,linear
211,83765,48365,44982,0.0982715,0.187181,0.0,0.0,0.5,0.025,6.0,linear
212,83566,48425,45010,0.0973803,0.185949,0.0,0.0,0.5,0.025,6.0,linear
213,83343,48261,44807,0.0971348,0.185444,0.0,0.0,0.5,0.025,6.0,linear
214,83461,48594,45076,0.0982882,0.187891,0.0,0.0,0.5,0.025,6.0,linear
215,83878,48625,45088,0.0982878,0.187567,0.0,0.0,0.5,0.025,6.0,linear
216,83630,48292,44790,0.0995208,0.189973,0.0,0.0,0.5,0.025,6.0,linear
217,83063,48169,44652,0.100368,0.191498,0.0,0.0,0.5,0.025,6.0,linear
218,84286,48564,45034,0.101273,0.192659,0.0,0.0,0.5,0.025,6.0,linear
219,84002,48336,44811,0.100622,0.191523,0.0,0.0,0.5,0.025,6.0,linear
220,83566,48242,44703,0.100822,0.192123,0.0,0.0,0.5,0.025,6.0,linear
221,83779,48350,44783,0.101529,0.19333,0.0,0.0,0.5,0.025,6.0,linear
222,83677,48179,44518,0.103251,0.196628,0.0,0.0,0.5,0.025,6.0,linear
223,83177,48070,44381,0.104257,0.197884,0.0,0.0,0.5,0.025,6.0,linear
224,83953,48394,44682,0.104459,0.198504,0.0,0.0,0.5,0.025,6.0,linear
225,84093,48532,44836,0.104175,0.198262,0.0,0.0,0.5,0.025,6.0,linear
226,83936,48411,44678,0.104616,0.199813,0.0,0.0,0.5,0.025,6.0,linear
227,83543,48181,44496,0.105093,0.200177,0.0,0.0,0.5,0.025,6.0,linear
228,83512,48044,44343,0.106674,0.203151,0.0,0.0,0.5,0.025,6.0,linear
229,83168,47670,43982,0.107555,0.204726,0.0,0.0,0.5,0.025,6.0,linear
230,83639,47895,44203,0.107918,0.205717,0.0,0.0,0.5,0.025,6.0,linear
231,84358,48272,44495,0.108984,0.207454,0.0,0.0,0.5,0.025,6.0,linear
232,84456,48380,44552,0.108389,0.206134,0.0,0.0,0.5,0.025,6.0,linear
233,83956,48454,44607,0.109347,0.208295,0.0,0.0,0.5,0.025,6.0,linear
234,83950,48146,44247,0.109653,0.208413,0.0,0.0,0.5,0.025,6.0,linear
235,83630,48108,44220,0.109044,0.207088,0.0,0.0,0.5,0.025,6.0,linear
236,83588,48084,44153,0.111059,0.210822,0.0,0.0,0.5,0.025,6.0,linear
237,83744,47925,43985,0.112036,0.212924,0.0,0.0,0.5,0.025,6.0,linear
238,84182,47879,43928,0.113512,0.215612,0.0,0.0,0.5,0.025,6.0,linear
239,84642,48020,44031,0.113446,0.215743,0.0,0.0,0.5,0.025,6.0,linear
240,84264,48065,43967,0.115188,0.218698,0.0,0.0,0.5,0.025,6.0,linear
241,84422,47930,43944,0.114909,0.218115,0.0,0.0,0.5,0.025,6.0,linear
242,83157,47502,43531,0.114321,0.217452,0.0,0.0,0.5,0.025,6.0,linear
243,83968,47699,43730,0.1145,0.217573,0.0,0.0,0.5,0.025,6.0,linear
244,84049,47756,43768,0.114062,0.216524,0.0,0.0,0.5,0.025,6.0,linear
245,84166,47803,43876,0.114721,0.217891,0.0,0.0,0.5,0.025,6.0,linear
246,84168,47851,43915,0.116251,0.220278,0.0,0.0,0.5,0.025,6.0,linear
247,83774,47527,43515,0.116066,0.220301,0.0,0.0,0.5,0.025,6.0,linear
248,83959,47926,43869,0.116164,0.220534,0.0,0.0,0.5,0.025,6.0,linear
249,84561,48079,43975,0.115597,0.219397,0.0,0.0,0.5,0.025,6.0,linear
250,83849,47696,43596,0.11697,0.221529,0.0,0.0,0.5,0.025,6.0,linear
251,83867,47655,43574,0.117375,0.222366,0.0,0.0,0.5,0.025,6.0,linear
252,83363,47609,43524,0.118393,0.224311,0.0,0.0,0.5,0.025,6.0,linear
253,83993,47888,43720,0.118678,0.224738,0.0,0.0,0.5,0.025,6.0,linear
254,84182,47981,43764,0.12006,0.227404,0.0,0.0,0.5,0.025,6.0,linear
255,84553,47869,43628,0.119894,0.22699,0.0,0.0,0.5,0.025,6.0,linear
256,84148,47678,43425,0.120332,0.227822,0.0,0.0,0.5,0.025,6.0,linear
257,83463,47272,43068,0.120003,0.228101,0.0,0.0,0.5,0.025,6.0,linear
258,83935,47525,43224,0.120527,0.228473,0.0,0.0,0.5,0.025,6.0,linear
259,84209,47557,43293,0.121516,0.229804,0.0,0.0,0.5,0.025,6.0,linear
260,85012,48133,43760,0.120714,0.22862,0.0,0.0,0.5,0.025,6.0,linear
261,84650,48013,43702,0.121967,0.230608,0.0,0.0,0.5,0.025,6.0,linear
262,83909,47617,43245,0.122361,0.231061,0.0,0.0,0.5,0.025,6.0,linear
263,84150,47925,43517,0.122812,0.232265,0.0,0.0,0.5,0.025,6.0,linear
264,84480,47806,43432,0.123832,0.234428,0.0,0.0,0.5,0.025,6.0,linear
265,84327,47573,43165,0.124592,0.235876,0.0,0.0,0.5,0.025,6.0,linear
266,84129,47405,42994,0.124321,0.235762,0.0,0.0,0.5,0.025,6.0,linear
267,84354,47462,42934,0.125269,0.237835,0.0,0.0,0.5,0.025,6.0,linear
268,84546,47724,43157,0.126613,0.239458,0.0,0.0,0.5,0.025,6.0,linear
269,83963,47303,42805,0.127788,0.241948,0.0,0.0,0.5,0.025,6.0,linear
270,84390,47330,42742,0.129653,0.244688,0.0,0.0,0.5,0.025,6.0,linear
271,84314,47456,42785,0.130652,0.246034,0.0,0.0,0.5,0.025,6.0,linear
272,84427,47462,42716,0.132077,0.249016,0.0,0.0,0.5,0.025,6.0,linear
273,83999,47371,42632,0.133391,0.251547,0.0,0.0,0.5,0.025,6.0,linear
274,84017,47182,42465,0.133449,0.251379,0.0,0.0,0.5,0.025,6.0,linear
275,84596,47070,42389,0.134023,0.252265,0.0,0.0,0.5,0.025,6.0,linear
276,84771,47031,42320,0.134843,0.254158,0.0,0.0,0.5,0.025,6.0,linear
277,84884,47158,42414,0.136038,0.255855,0.0,0.0,0.5,0.025,6.0,linear
278,84283,47096,42260,0.136426,0.256643,0.0,0.0,0.5,0.025,6.0,linear
279,84340,47167,42309,0.137501,0.258424,0.0,0.0,0.5,0.025,6.0,linear
280,84680,47217,42361,0.138877,0.260918,0.0,0.0,0.5,0.025,6.0,linear
281,84123,46875,41971,0.139962,0.263429,0.0,0.0,0.5,0.025,6.0,linear
282,84134,46641,41840,0.141006,0.265359,0.0,0.0,0.5,0.025,6.0,linear
283,84600,46861,41904,0.141181,0.265609,0.0,0.0,0.5,0.025,6.0,linear
284,84882,46870,41975,0.141472,0.266812,0.0,0.0,0.5,0.025,6.0,linear
285,85412,47215,42279,0.142016,0.267921,0.0,0.0,0.5,0.025,6.0,linear
286,84392,46792,41774,0.142092,0.267596,0.0,0.0,0.5,0.025,6.0,linear
287,84314,46927,41884,0.142645,0.26875,0.0,0.0,0.5,0.025,6.0,linear
288,84646,46715,41633,0.14426,0.271172,0.0,0.0,0.5,0.025,6.0,linear
289,84726,46486,41457,0.144513,0.271794,0.0,0.0,0.5,0.025,6.0,linear
290,84751,46598,41559,0.145441,0.274,0.0,0.0,0.5,0.025,6.0,linear
291,84520,46451,41250,0.146325,0.275544,0.0,0.0,0.5,0.025,6.0,linear
292,84537,46452,41194,0.1483,0.278632,0.0,0.0,0.5,0.025,6.0,linear
293,84856,46450,41220,0.148835,0.279254,0.0,0.0,0.5,0.025,6.0,linear
294,84746,46450,41275,0.149206,0.279734,0.0,0.0,0.5,0.025,6.0,linear
295,84901,46408,41092,0.150256,0.281108,0.0,0.0,0.5,0.025,6.0,linear
296,84907,46555,41203,0.151876,0.284166,0.0,0.0,0.5,0.025,6.0,linear
297,85021,46653,41271,0.152562,0.285624,0.0,0.0,0.5,0.025,6.0,linear
298,84504,46269,40916,0.153667,0.287773,0.0,0.0,0.5,0.025,6.0,linear
299,84414,46209,40822,0.154035,0.288694,0.0,0.0,0.5,0.025,6.0,linear
300,84644,46113,40759,0.154661,0.289694,0.0,0.0,0.5,0.025,6.0,linear
301,84879,46240,40753,0.156577,0.292376,0.0,0.0,0.5,0.025,6.0,linear
302,84833,45952,40545,0.158393,0.295825,0.0,0.0,0.5,0.025,6.0,linear
303,84362,45717,40230,0.159531,0.297669,0.0,0.0,0.5,0.025,6.0,linear
304,84553,45894,40370,0.161107,0.300562,0.0,0.0,0.5,0.025,6.0,linear
305,84472,45718,40144,0.160723,0.299954,0.0,0.0,0.5,0.025,6.0,linear
306,84769,45895,40179,0.163494,0.30534,0.0,0.0,0.5,0.025,6.0,linear
307,85288,45884,40106,0.165474,0.308288,0.0,0.0,0.5,0.025,6.0,linear
308,85143,45841,39993,0.167253,0.31099,0.0,0.0,0.5,0.025,6.0,linear
309,84598,45371,39558,0.170265,0.316534,0.0,0.0,0.5,0.025,6.0,linear
310,84613,45422,39607,0.171468,0.318304,0.0,0.0,0.5,0.025,6.0,linear
311,84764,45343,39475,0.172821,0.320633,0.0,0.0,0.5,0.025,6.0,linear
312,84493,45200,39284,0.174241,0.323156,0.0,0.0,0.5,0.025,6.0,linear
313,84175,45030,39092,0.176814,0.327008,0.0,0.0,0.5,0.025,6.0,linear
314,84624,45096,39012,0.177588,0.328396,0.0,0.0,0.5,0.025,6.0,linear
315,85425,45177,39076,0.180073,0.332695,0.0,0.0,0.5,0.025,6.0,linear
316,85046,45029,38828,0.180078,0.333663,0.0,0.0,0.5,0.025,6.0,linear
317,84450,44762,38636,0.182092,0.336905,0.0,0.0,0.5,0.025,6.0,linear

