generation,size,female_size,fertile_female_size,rate_dr,rate_has_drive,rate_complete_r2,rate_partial_r2,drive_efficiency,drop_ratio,low_density_growth_rate,density_growth_curve
1,78336,49248,49248,0.0,0.0,0.0,0.0,0.5,0.375,6.0,linear
2,78345,49254,49254,0.0,0.0,0.0,0.0,0.5,0.375,6.0,linear
3,79768,50206,50206,0.0,0.0,0.0,0.0,0.5,0.375,6.0,linear
4,80108,50725,50725,0.0,0.0,0.0,0.0,0.5,0.375,6.0,linear
5,78937,50285,50285,0.0,0.0,0.0,0.0,0.5,0.375,6.0,linear
6,77128,49391,49391,0.0,0.0,0.0,0.0,0.5,0.375,6.0,linear
7,77884,49571,49571,0.0,0.0,0.0,0.0,0.5,0.375,6.0,linear
8,78826,50078,50078,0.0,0.0,0.0,0.0,0.5,0.375,6.0,linear
9,79715,50322,50322,0.0,0.0,0.0,0.0,0.5,0.375,6.0,linear
10,79328,50341,50341,0.0,0.0,0.0,0.0,0.5,0.375,6.0,linear
11,78492,50060,50060,0.0,0.0,0.0,0.0,0.5,0.375,6.0,linear
12,80304,49865,49865,0.0247975,0.0288147,0.0,0.0,0.5,0.375,6.0,linear
13,80488,49112,49112,0.0439292,0.0565256,0.0,0.0,0.5,0.375,6.0,linear
14,79935,48185,48185,0.0539488,0.0774875,0.0,0.0,0.5,0.375,6.0,linear
15,81310,48057,48057,0.0662277,0.102166,0.0,0.0,0.5,0.375,6.0,linear
16,81048,46969,46969,0.0772593,0.124267,0.0,0.0,0.5,0.375,6.0,linear
17,80753,45995,45995,0.089593,0.149352,0.0,0.0,0.5,0.375,6.0,linear
18,81632,45537,45537,0.0982113,0.167484,0.0,0.0,0.5,0.375,6.0,linear
19,83157,45437,45437,0.106534,0.184164,0.0,0.0,0.5,0.375,6.0,linear
20,83634,45106,45106,0.114716,0.201053,0.0,0.0,0.5,0.375,6.0,linear
21,84501,44932,44932,0.121445,0.214727,0.0,0.0,0.5,0.375,6.0,linear
22,84230,44156,44156,0.128412,0.228939,0.0,0.0,0.5,0.375,6.0,linear
23,84130,43691,43691,0.133057,0.238752,0.0,0.0,0.5,0.375,6.0,linear
24,84238,43436,43436,0.1376,0.247444,0.0,0.0,0.5,0.375,6.0,linear
25,84769,43228,43228,0.141327,0.255999,0.0,0.0,0.5,0.375,6.0,linear
26,84522,42696,42696,0.146051,0.264555,0.0,0.0,0.5,0.375,6.0,linear
27,84302,42300,42300,0.149526,0.272029,0.0,0.0,0.5,0.375,6.0,linear
28,84984,42215,42215,0.153159,0.279566,0.0,0.0,0.5,0.375,6.0,linear
29,84804,41742,41742,0.156839,0.286608,0.0,0.0,0.5,0.375,6.0,linear
30,84919,41360,41360,0.161356,0.295687,0.0,0.0,0.5,0.375,6.0,linear
31,84717,40856,40856,0.163359,0.299977,0.0,0.0,0.5,0.375,6.0,linear
32,84967,40638,40638,0.166514,0.30649,0.0,0.0,0.5,0.375,6.0,linear
33,84566,40357,40357,0.170743,0.31498,0.0,0.0,0.5,0.375,6.0,linear
34,84685,40092,40092,0.174924,0.32312,0.0,0.0,0.5,0.375,6.0,linear
35,84055,39561,39561,0.177644,0.328699,0.0,0.0,0.5,0.375,6.0,linear
36,84073,39449,39449,0.179869,0.333065,0.0,0.0,0.5,0.375,6.0,linear
37,83925,39096,39096,0.183396,0.340064,0.0,0.0,0.5,0.375,6.0,linear
38,83717,38783,38783,0.185443,0.343751,0.0,0.0,0.5,0.375,6.0,linear
39,83587,38592,38592,0.187967,0.348646,0.0,0.0,0.5,0.375,6.0,linear
40,83561,38278,38278,0.190753,0.354761,0.0,0.0,0.5,0.375,6.0,linear
41,83657,38032,38032,0.192541,0.358385,0.0,0.0,0.5,0.375,6.0,linear
42,83683,37827,37827,0.194103,0.361292,0.0,0.0,0.5,0.375,6.0,linear
43,83295,37556,37556,0.195723,0.36499,0.0,0.0,0.5,0.375,6.0,linear
44,83333,37271,37271,0.197398,0.367661,0.0,0.0,0.5,0.375,6.0,linear
45,82751,36936,36936,0.200252,0.373117,0.0,0.0,0.5,0.375,6.0,linear
46,82339,36477,36477,0.202147,0.377406,0.0,0.0,0.5,0.375,6.0,linear
47,82679,36449,36449,0.20458,0.382389,0.0,0.0,0.5,0.375,6.0,linear
48,82541,36124,36124,0.20615,0.385153,0.0,0.0,0.5,0.375,6.0,linear
49,82267,35914,35914,0.20562,0.383792,0.0,0.0,0.5,0.375,6.0,linear
50,82029,35639,35639,0.207875,0.388559,0.0,0.0,0.5,0.375,6.0,linear
51,81962,35369,35369,0.20726,0.387391,0.0,0.0,0.5,0.375,6.0,linear
52,82090,35403,35403,0.209943,0.39257,0.0,0.0,0.5,0.375,6.0,linear
53,81844,35138,35138,0.214456,0.40149,0.0,0.0,0.5,0.375,6.0,linear
54,81818,34934,34934,0.214578,0.402338,0.0,0.0,0.5,0.375,6.0,linear
55,81873,34973,34973,0.214767,0.402506,0.0,0.0,0.5,0.375,6.0,linear
56,81516,34963,34963,0.21566,0.404225,0.0,0.0,0.5,0.375,6.0,linear
57,81419,34858,34858,0.216131,0.405137,0.0,0.0,0.5,0.375,6.0,linear
58,81054,34368,34368,0.218064,0.408733,0.0,0.0,0.5,0.375,6.0,linear
59,80540,34146,34146,0.218979,0.410535,0.0,0.0,0.5,0.375,6.0,linear
60,80756,33978,33978,0.219553,0.411239,0.0,0.0,0.5,0.375,6.0,linear
61,80526,33932,33932,0.218992,0.410483,0.0,0.0,0.5,0.375,6.0,linear
62,80488,33906,33906,0.221682,0.416143,0.0,0.0,0.5,0.375,6.0,linear
63,80676,33846,33846,0.222029,0.416809,0.0,0.0,0.5,0.375,6.0,linear
64,80547,33768,33768,0.222606,0.417962,0.0,0.0,0.5,0.375,6.0,linear
65,80431,33540,33540,0.223362,0.420064,0.0,0.0,0.5,0.375,6.0,linear
66,80164,33407,33407,0.223168,0.419273,0.0,0.0,0.5,0.375,6.0,linear
67,80273,33391,33391,0.225529,0.423708,0.0,0.0,0.5,0.375,6.0,linear
68,80165,33297,33297,0.22575,0.424004,0.0,0.0,0.5,0.375,6.0,linear
69,80165,33256,33256,0.226107,0.424777,0.0,0.0,0.5,0.375,6.0,linear
70,79685,33131,33131,0.227542,0.427774,0.0,0.0,0.5,0.375,6.0,linear
71,79600,32782,32782,0.228851,0.430185,0.0,0.0,0.5,0.375,6.0,linear
72,79613,32732,32732,0.22882,0.42997,0.0,0.0,0.5,0.375,6.0,linear
73,79379,32474,32474,0.229834,0.432061,0.0,0.0,0.5,0.375,6.0,linear
74,78922,32349,32349,0.229785,0.432265,0.0,0.0,0.5,0.375,6.0,linear
75,79235,32540,32540,0.229368,0.430989,0.0,0.0,0.5,0.375,6.0,linear
76,79398,32490,32490,0.230495,0.433299,0.0,0.0,0.5,0.375,6.0,linear
77,79374,32458,32458,0.23098,0.434405,0.0,0.0,0.5,0.375,6.0,linear
78,78904,32127,32127,0.232345,0.437212,0.0,0.0,0.5,0.375,6.0,linear
79,78786,32085,32085,0.232997,0.438154,0.0,0.0,0.5,0.375,6.0,linear
80,78790,31962,31962,0.233309,0.438945,0.0,0.0,0.5,0.375,6.0,linear
81,79084,31892,31892,0.233439,0.438786,0.0,0.0,0.5,0.375,6.0,linear
82,78755,31707,31707,0.234716,0.441625,0.0,0.0,0.5,0.375,6.0,linear
83,78852,31782,31782,0.234329,0.440746,0.0,0.0,0.5,0.375,6.0,linear
84,78567,31736,31736,0.235335,0.442868,0.0,0.0,0.5,0.375,6.0,linear
85,78277,31616,31616,0.23417,0.440568,0.0,0.0,0.5,0.375,6.0,linear
86,78791,31894,31894,0.234538,0.441431,0.0,0.0,0.5,0.375,6.0,linear
87,78963,31979,31979,0.234609,0.441116,0.0,0.0,0.5,0.375,6.0,linear
88,78622,31670,31670,0.235855,0.443602,0.0,0.0,0.5,0.375,6.0,linear
89,78305,31593,31593,0.235206,0.443135,0.0,0.0,0.5,0.375,6.0,linear
90,78663,31679,31679,0.236371,0.444869,0.0,0.0,0.5,0.375,6.0,linear
91,78410,31410,31410,0.237532,0.446636,0.0,0.0,0.5,0.375,6.0,linear
92,78109,31346,31346,0.238276,0.448554,0.0,0.0,0.5,0.375,6.0,linear
93,78122,31262,31262,0.237803,0.447728,0.0,0.0,0.5,0.375,6.0,linear
94,78181,31297,31297,0.237654,0.447641,0.0,0.0,0.5,0.375,6.0,linear
95,77807,31054,31054,0.238467,0.449311,0.0,0.0,0.5,0.375,6.0,linear
96,77832,31048,31048,0.241234,0.454397,0.0,0.0,0.5,0.375,6.0,linear
97,77306,30830,30830,0.242151,0.456517,0.0,0.0,0.5,0.375,6.0,linear
98,77231,30577,30577,0.241683,0.454815,0.0,0.0,0.5,0.375,6.0,linear
99,76781,30405,30405,0.241737,0.454888,0.0,0.0,0.5,0.375,6.0,linear
100,76723,30234,30234,0.242167,0.456496,0.0,0.0,0.5,0.375,6.0,linear
101,76929,30262,30262,0.241432,0.455344,0.0,0.0,0.5,0.375,6.0,linear
102,76707,30072,30072,0.242483,0.457324,0.0,0.0,0.5,0.375,6.0,linear
103,76631,30227,30227,0.242352,0.456967,0.0,0.0,0.5,0.375,6.0,linear
104,76673,30480,30480,0.242096,0.456232,0.0,0.0,0.5,0.375,6.0,linear
105,76769,30314,30314,0.242289,0.456934,0.0,0.0,0.5,0.375,6.0,linear
106,76993,30302,30302,0.241622,0.455656,0.0,0.0,0.5,0.375,6.0,linear
107,76564,30257,30257,0.243009,0.457895,0.0,0.0,0.5,0.375,6.0,linear
108,76648,30449,30449,0.242593,0.457147,0.0,0.0,0.5,0.375,6.0,linear
109,76840,30195,30195,0.242494,0.456773,0.0,0.0,0.5,0.375,6.0,linear
110,77230,30549,30549,0.241357,0.454951,0.0,0.0,0.5,0.375,6.0,linear
111,77013,30620,30620,0.24317,0.45839,0.0,0.0,0.5,0.375,6.0,linear
112,77022,30554,30554,0.244111,0.460023,0.0,0.0,0.5,0.375,6.0,linear
113,76692,30409,30409,0.245492,0.46282,0.0,0.0,0.5,0.375,6.0,linear
114,76944,30282,30282,0.245535,0.463221,0.0,0.0,0.5,0.375,6.0,linear
115,76421,30120,30120,0.246611,0.465289,0.0,0.0,0.5,0.375,6.0,linear
116,76570,29968,29968,0.247948,0.467819,0.0,0.0,0.5,0.375,6.0,linear
117,76450,29797,29797,0.249705,0.470952,0.0,0.0,0.5,0.375,6.0,linear
118,75934,29429,29429,0.250343,0.472167,0.0,0.0,0.5,0.375,6.0,linear
119,75699,29194,29194,0.253314,0.477861,0.0,0.0,0.5,0.375,6.0,linear
120,75311,28936,28936,0.251949,0.475215,0.0,0.0,0.5,0.375,6.0,linear
121,74869,28892,28892,0.253848,0.479213,0.0,0.0,0.5,0.375,6.0,linear
122,74299,28493,28493,0.253868,0.478827,0.0,0.0,0.5,0.375,6.0,linear
123,74142,28403,28403,0.254662,0.479699,0.0,0.0,0.5,0.375,6.0,linear
124,74121,28306,28306,0.256054,0.482775,0.0,0.0,0.5,0.375,6.0,linear
125,74248,28274,28274,0.255352,0.481578,0.0,0.0,0.5,0.375,6.0,linear
126,74467,28508,28508,0.256413,0.483751,0.0,0.0,0.5,0.375,6.0,linear
127,74074,28130,28130,0.256574,0.484553,0.0,0.0,0.5,0.375,6.0,linear
128,74386,28141,28141,0.257018,0.484986,0.0,0.0,0.5,0.375,6.0,linear
129,74106,28158,28158,0.258303,0.487131,0.0,0.0,0.5,0.375,6.0,linear
130,73864,28185,28185,0.256403,0.483979,0.0,0.0,0.5,0.375,6.0,linear
131,73433,27955,27955,0.257312,0.48573,0.0,0.0,0.5,0.375,6.0,linear
132,73442,27838,27838,0.258623,0.488471,0.0,0.0,0.5,0.375,6.0,linear
133,73609,27815,27815,0.259091,0.489278,0.0,0.0,0.5,0.375,6.0,linear
134,73360,27579,27579,0.25993,0.49052,0.0,0.0,0.5,0.375,6.0,linear
135,72960,27079,27079,0.260695,0.492022,0.0,0.0,0.5,0.375,6.0,linear
136,72594,27042,27042,0.260024,0.490625,0.0,0.0,0.5,0.375,6.0,linear
137,72579,27215,27215,0.260527,0.491655,0.0,0.0,0.5,0.375,6.0,linear
138,72676,27411,27411,0.261615,0.493217,0.0,0.0,0.5,0.375,6.0,linear
139,72478,27279,27279,0.26228,0.494855,0.0,0.0,0.5,0.375,6.0,linear
140,72710,27231,27231,0.262527,0.495654,0.0,0.0,0.5,0.375,6.0,linear
141,72453,27005,27005,0.264162,0.498574,0.0,0.0,0.5,0.375,6.0,linear
142,72306,26859,26859,0.262625,0.495314,0.0,0.0,0.5,0.375,6.0,linear
143,72546,27064,27064,0.262857,0.49648,0.0,0.0,0.5,0.375,6.0,linear
144,72377,26923,26923,0.263787,0.498436,0.0,0.0,0.5,0.375,6.0,linear
145,72684,26856,26856,0.262368,0.494826,0.0,0.0,0.5,0.375,6.0,linear
146,72259,26848,26848,0.263444,0.497676,0.0,0.0,0.5,0.375,6.0,linear
147,72348,26833,26833,0.263062,0.496945,0.0,0.0,0.5,0.375,6.0,linear
148,72006,26610,26610,0.262558,0.495184,0.0,0.0,0.5,0.375,6.0,linear
149,72390,26719,26719,0.261845,0.493617,0.0,0.0,0.5,0.375,6.0,linear
150,72042,26683,26683,0.262332,0.49493,0.0,0.0,0.5,0.375,6.0,linear
151,71863,26400,26400,0.263197,0.496502,0.0,0.0,0.5,0.375,6.0,linear
152,71607,26627,26627,0.261348,0.492753,0.0,0.0,0.5,0.375,6.0,linear
153,71748,26864,26864,0.262639,0.495048,0.0,0.0,0.5,0.375,6.0,linear
154,72227,26860,26860,0.263184,0.496474,0.0,0.0,0.5,0.375,6.0,linear
155,72278,26859,26859,0.26406,0.498239,0.0,0.0,0.5,0.375,6.0,linear
156,72081,26761,26761,0.262682,0.495615,0.0,0.0,0.5,0.375,6.0,linear
157,72375,26917,26917,0.263533,0.497984,0.0,0.0,0.5,0.375,6.0,linear
158,71887,26641,26641,0.264097,0.498667,0.0,0.0,0.5,0.375,6.0,linear
159,71853,26566,26566,0.264462,0.499037,0.0,0.0,0.5,0.375,6.0,linear
160,71910,26333,26333,0.264167,0.498334,0.0,0.0,0.5,0.375,6.0,linear
161,71260,26304,26304,0.263574,0.497978,0.0,0.0,0.5,0.375,6.0,linear
162,71541,26474,26474,0.263574,0.497437,0.0,0.0,0.5,0.375,6.0,linear
163,71529,26565,26565,0.263526,0.497501,0.0,0.0,0.5,0.375,6.0,linear
164,71645,26597,26597,0.264759,0.499328,0.0,0.0,0.5,0.375,6.0,linear
165,71386,26375,26375,0.264151,0.498675,0.0,0.0,0.5,0.375,6.0,linear
166,71730,26531,26531,0.264447,0.498868,0.0,0.0,0.5,0.375,6.0,linear
167,71337,26412,26412,0.26517,0.50064,0.0,0.0,0.5,0.375,6.0,linear
168,71889,26586,26586,0.264166,0.498421,0.0,0.0,0.5,0.375,6.0,linear
169,71592,26645,26645,0.265883,0.501971,0.0,0.0,0.5,0.375,6.0,linear
170,71568,26352,26352,0.2656,0.501526,0.0,0.0,0.5,0.375,6.0,linear
171,71691,26369,26369,0.26553,0.501047,0.0,0.0,0.5,0.375,6.0,linear
172,71955,26462,26462,0.265195,0.500829,0.0,0.0,0.5,0.375,6.0,linear
173,72041,26403,26403,0.264212,0.498503,0.0,0.0,0.5,0.375,6.0,linear
174,72021,26611,26611,0.264001,0.497952,0.0,0.0,0.5,0.375,6.0,linear
175,71633,26800,26800,0.262096,0.494468,0.0,0.0,0.5,0.375,6.0,linear
176,72173,26931,26931,0.262314,0.495524,0.0,0.0,0.5,0.375,6.0,linear
177,72267,26935,26935,0.26276,0.49606,0.0,0.0,0.5,0.375,6.0,linear
178,72734,26893,26893,0.261957,0.494043,0.0,0.0,0.5,0.375,6.0,linear
179,72225,26933,26933,0.262045,0.494552,0.0,0.0,0.5,0.375,6.0,linear
180,72018,26819,26819,0.263581,0.497167,0.0,0.0,0.5,0.375,6.0,linear
181,71569,26704,26704,0.263253,0.496574,0.0,0.0,0.5,0.375,6.0,linear
182,71964,26820,26820,0.264067,0.498397,0.0,0.0,0.5,0.375,6.0,linear
183,72051,26696,26696,0.263279,0.497159,0.0,0.0,0.5,0.375,6.0,linear
184,72316,26898,26898,0.262147,0.494411,0.0,0.0,0.5,0.375,6.0,linear
185,71929,26763,26763,0.261549,0.493499,0.0,0.0,0.5,0.375,6.0,linear
186,71910,26761,26761,0.260382,0.491291,0.0,0.0,0.5,0.375,6.0,linear
187,72305,26887,26887,0.260363,0.491425,0.0,0.0,0.5,0.375,6.0,linear
188,72420,26966,26966,0.262407,0.495491,0.0,0.0,0.5,0.375,6.0,linear
189,72332,26865,26865,0.26113,0.492848,0.0,0.0,0.5,0.375,6.0,linear
190,72104,26889,26889,0.261349,0.492826,0.0,0.0,0.5,0.375,6.0,linear
191,72216,26829,26829,0.260283,0.491185,0.0,0.0,0.5,0.375,6.0,linear
192,72352,27067,27067,0.259324,0.489781,0.0,0.0,0.5,0.375,6.0,linear
193,72676,27331,27331,0.260754,0.491808,0.0,0.0,0.5,0.375,6.0,linear
194,72838,27339,27339,0.260768,0.49133,0.0,0.0,0.5,0.375,6.0,linear
195,72952,27405,27405,0.261634,0.493131,0.0,0.0,0.5,0.375,6.0,linear
196,72761,27248,27248,0.260155,0.490922,0.0,0.0,0.5,0.375,6.0,linear
197,72976,27532,27532,0.258074,0.486963,0.0,0.0,0.5,0.375,6.0,linear
198,72878,27639,27639,0.257659,0.486161,0.0,0.0,0.5,0.375,6.0,linear
199,72992,27351,27351,0.259474,0.489639,0.0,0.0,0.5,0.375,6.0,linear
200,73149,27413,27413,0.259122,0.488862,0.0,0.0,0.5,0.375,6.0,linear
201,73373,27576,27576,0.258397,0.488067,0.0,0.0,0.5,0.375,6.0,linear
202,73354,27626,27626,0.259051,0.488962,0.0,0.0,0.5,0.375,6.0,linear
203,72930,27534,27534,0.258706,0.488263,0.0,0.0,0.5,0.375,6.0,linear
204,73231,27414,27414,0.257805,0.486838,0.0,0.0,0.5,0.375,6.0,linear
205,73221,27443,27443,0.258835,0.488756,0.0,0.0,0.5,0.375,6.0,linear
206,73152,27483,27483,0.258873,0.48861,0.0,0.0,0.5,0.375,6.0,linear
207,72534,27373,27373,0.258783,0.488619,0.0,0.0,0.5,0.375,6.0,linear
208,72570,27273,27273,0.258394,0.488125,0.0,0.0,0.5,0.375,6.0,linear
209,72802,27177,27177,0.258663,0.48863,0.0,0.0,0.5,0.375,6.0,linear
210,72988,27350,27350,0.257708,0.485872,0.0,0.0,0.5,0.375,6.0,linear
211,72831,27484,27484,0.25717,0.485303,0.0,0.0,0.5,0.375,6.0,linear
212,73184,27641,27641,0.259417,0.489457,0.0,0.0,0.5,0.375,6.0,linear
213,72741,27398,27398,0.25977,0.490115,0.0,0.0,0.5,0.375,6.0,linear
214,73297,27727,27727,0.257445,0.485673,0.0,0.0,0.5,0.375,6.0,linear
215,73462,27964,27964,0.258496,0.487839,0.0,0.0,0.5,0.375,6.0,linear
216,73388,27851,27851,0.258685,0.488232,0.0,0.0,0.5,0.375,6.0,linear
217,73703,27797,27797,0.259085,0.489162,0.0,0.0,0.5,0.375,6.0,linear
218,73796,27858,27858,0.259624,0.490011,0.0,0.0,0.5,0.375,6.0,linear
219,73550,27626,27626,0.258612,0.487673,0.0,0.0,0.5,0.375,6.0,linear
220,73621,27720,27720,0.258229,0.487373,0.0,0.0,0.5,0.375,6.0,linear
221,73086,27511,27511,0.259326,0.489281,0.0,0.0,0.5,0.375,6.0,linear
222,72839,27406,27406,0.260263,0.491222,0.0,0.0,0.5,0.375,6.0,linear
223,72423,27067,27067,0.260665,0.492007,0.0,0.0,0.5,0.375,6.0,linear
224,72559,27182,27182,0.260382,0.490679,0.0,0.0,0.5,0.375,6.0,linear
225,72357,27190,27190,0.262689,0.495605,0.0,0.0,0.5,0.375,6.0,linear
226,72445,26706,26706,0.263583,0.497177,0.0,0.0,0.5,0.375,6.0,linear
227,72395,26774,26774,0.263777,0.498153,0.0,0.0,0.5,0.375,6.0,linear
228,72454,26840,26840,0.264688,0.500193,0.0,0.0,0.5,0.375,6.0,linear
229,71804,26746,26746,0.26456,0.498854,0.0,0.0,0.5,0.375,6.0,linear
230,71445,26395,26395,0.2653,0.500401,0.0,0.0,0.5,0.375,6.0,linear
231,71804,26563,26563,0.264685,0.498344,0.0,0.0,0.5,0.375,6.0,linear
232,71630,26500,26500,0.264955,0.499859,0.0,0.0,0.5,0.375,6.0,linear
233,71627,26465,26465,0.265675,0.50124,0.0,0.0,0.5,0.375,6.0,linear
234,71687,26463,26463,0.264825,0.499833,0.0,0.0,0.5,0.375,6.0,linear
235,71814,26461,26461,0.263179,0.496982,0.0,0.0,0.5,0.375,6.0,linear
236,72284,26623,26623,0.263972,0.498499,0.0,0.0,0.5,0.375,6.0,linear
237,71729,26409,26409,0.264255,0.498584,0.0,0.0,0.5,0.375,6.0,linear
238,72101,26615,26615,0.264141,0.498439,0.0,0.0,0.5,0.375,6.0,linear
239,72115,26654,26654,0.265612,0.501786,0.0,0.0,0.5,0.375,6.0,linear
240,72258,26475,26475,0.265248,0.500753,0.0,0.0,0.5,0.375,6.0,linear
241,72372,26654,26654,0.266118,0.502463,0.0,0.0,0.5,0.375,6.0,linear
242,71665,26458,26458,0.265143,0.500726,0.0,0.0,0.5,0.375,6.0,linear
243,71913,26531,26531,0.264497,0.498966,0.0,0.0,0.5,0.375,6.0,linear
244,71933,26676,26676,0.265701,0.501586,0.0,0.0,0.5,0.375,6.0,linear
245,71473,26362,26362,0.266509,0.503647,0.0,0.0,0.5,0.375,6.0,linear
246,71727,26228,26228,0.266627,0.503314,0.0,0.0,0.5,0.375,6.0,linear
247,71004,26238,26238,0.267201,0.504621,0.0,0.0,0.5,0.375,6.0,linear
248,70991,25807,25807,0.268571,0.507054,0.0,0.0,0.5,0.375,6.0,linear
249,70878,25789,25789,0.268803,0.507116,0.0,0.0,0.5,0.375,6.0,linear
250,70509,25586,25586,0.268873,0.507227,0.0,0.0,0.5,0.375,6.0,linear
251,70541,25978,25978,0.269083,0.50769,0.0,0.0,0.5,0.375,6.0,linear
252,70621,26012,26012,0.269089,0.507646,0.0,0.0,0.5,0.375,6.0,linear
253,70565,25838,25838,0.269009,0.507459,0.0,0.0,0.5,0.375,6.0,linear
254,70816,25744,25744,0.268372,0.507178,0.0,0.0,0.5,0.375,6.0,linear
255,70819,25700,25700,0.269053,0.508342,0.0,0.0,0.5,0.375,6.0,linear
256,70532,25522,25522,0.270209,0.510327,0.0,0.0,0.5,0.375,6.0,linear
257,70364,25529,25529,0.270646,0.511028,0.0,0.0,0.5,0.375,6.0,linear
258,70175,25382,25382,0.2696,0.508653,0.0,0.0,0.5,0.375,6.0,linear
259,70013,25511,25511,0.268128,0.50597,0.0,0.0,0.5,0.375,6.0,linear
260,70151,25741,25741,0.269449,0.508538,0.0,0.0,0.5,0.375,6.0,linear
261,70553,25671,25671,0.270367,0.510331,0.0,0.0,0.5,0.375,6.0,linear
262,70717,25628,25628,0.271725,0.513119,0.0,0.0,0.5,0.375,6.0,linear
263,70361,25388,25388,0.272906,0.51487,0.0,0.0,0.5,0.375,6.0,linear
264,70003,25301,25301,0.272952,0.51508,0.0,0.0,0.5,0.375,6.0,linear
265,70049,25287,25287,0.274026,0.51755,0.0,0.0,0.5,0.375,6.0,linear
266,69797,25144,25144,0.273241,0.516109,0.0,0.0,0.5,0.375,6.0,linear
267,69903,25230,25230,0.273448,0.516524,0.0,0.0,0.5,0.375,6.0,linear
268,69471,25169,25169,0.272665,0.515005,0.0,0.0,0.5,0.375,6.0,linear
269,69467,25087,25087,0.27404,0.517419,0.0,0.0,0.5,0.375,6.0,linear
270,69487,25035,25035,0.274163,0.51796,0.0,0.0,0.5,0.375,6.0,linear
271,69326,24893,24893,0.275038,0.518943,0.0,0.0,0.5,0.375,6.0,linear
272,68937,24761,24761,0.275199,0.519228,0.0,0.0,0.5,0.375,6.0,linear
273,68785,24605,24605,0.275005,0.519727,0.0,0.0,0.5,0.375,6.0,linear
274,68854,24655,24655,0.274778,0.519181,0.0,0.0,0.5,0.375,6.0,linear
275,68799,24635,24635,0.275149,0.51928,0.0,0.0,0.5,0.375,6.0,linear
276,68693,24581,24581,0.274333,0.517493,0.0,0.0,0.5,0.375,6.0,linear
277,69006,24773,24773,0.275356,0.519617,0.0,0.0,0.5,0.375,6.0,linear
278,68159,24331,24331,0.275471,0.520016,0.0,0.0,0.5,0.375,6.0,linear
279,68585,24473,24473,0.275546,0.519697,0.0,0.0,0.5,0.375,6.0,linear
280,68032,24339,24339,0.275119,0.518823,0.0,0.0,0.5,0.375,6.0,linear
281,68741,24624,24624,0.275236,0.519232,0.0,0.0,0.5,0.375,6.0,linear
282,67804,24303,24303,0.275089,0.519017,0.0,0.0,0.5,0.375,6.0,linear
283,68054,24167,24167,0.276207,0.521367,0.0,0.0,0.5,0.375,6.0,linear
284,68160,24160,24160,0.2745,0.517738,0.0,0.0,0.5,0.375,6.0,linear
285,68512,24354,24354,0.274876,0.518224,0.0,0.0,0.5,0.375,6.0,linear
286,68493,24354,24354,0.275231,0.518444,0.0,0.0,0.5,0.375,6.0,linear
287,68273,24411,24411,0.275052,0.519293,0.0,0.0,0.5,0.375,6.0,linear
288,68182,24500,24500,0.274914,0.518899,0.0,0.0,0.5,0.375,6.0,linear
289,68557,24723,24723,0.275053,0.518693,0.0,0.0,0.5,0.375,6.0,linear
290,68876,24665,24665,0.276016,0.521497,0.0,0.0,0.5,0.375,6.0,linear
291,68541,24466,24466,0.276255,0.521424,0.0,0.0,0.5,0.375,6.0,linear
292,68543,24503,24503,0.276636,0.522234,0.0,0.0,0.5,0.375,6.0,linear
293,67976,24346,24346,0.275472,0.520565,0.0,0.0,0.5,0.375,6.0,linear
294,68407,24477,24477,0.275087,0.519642,0.0,0.0,0.5,0.375,6.0,linear
295,68457,24452,24452,0.275767,0.520781,0.0,0.0,0.5,0.375,6.0,linear
296,68483,24469,24469,0.274804,0.519007,0.0,0.0,0.5,0.375,6.0,linear
297,68458,24466,24466,0.27388,0.516656,0.0,0.0,0.5,0.375,6.0,linear
298,68878,24590,24590,0.274785,0.518281,0.0,0.0,0.5,0.375,6.0,linear
299,68742,24531,24531,0.275034,0.519704,0.0,0.0,0.5,0.375,6.0,linear
300,68750,24339,24339,0.276508,0.522221,0.0,0.0,0.5,0.375,6.0,linear
301,68406,24313,24313,0.274601,0.518343,0.0,0.0,0.5,0.375,6.0,linear
302,68493,24388,24388,0.274233,0.517661,0.0,0.0,0.5,0.375,6.0,linear
303,68284,24382,24382,0.272595,0.513976,0.0,0.0,0.5,0.375,6.0,linear
304,68193,24286,24286,0.273363,0.515226,0.0,0.0,0.5,0.375,6.0,linear
305,68572,24585,24585,0.272676,0.514066,0.0,0.0,0.5,0.375,6.0,linear
306,68193,24608,24608,0.27154,0.512633,0.0,0.0,0.5,0.375,6.0,linear
307,68758,24982,24982,0.272304,0.513727,0.0,0.0,0.5,0.375,6.0,linear
308,68842,24924,24924,0.274518,0.518465,0.0,0.0,0.5,0.375,6.0,linear
309,69037,24755,24755,0.273818,0.517626,0.0,0.0,0.5,0.375,6.0,linear
310,69076,24770,24770,0.275439,0.520615,0.0,0.0,0.5,0.375,6.0,linear
311,68832,24526,24526,0.276455,0.522071,0.0,0.0,0.5,0.375,6.0,linear
312,68809,24544,24544,0.274341,0.518145,0.0,0.0,0.5,0.375,6.0,linear
313,68394,24540,24540,0.274146,0.51749,0.0,0.0,0.5,0.375,6.0,linear
314,68925,24674,24674,0.273895,0.517038,0.0,0.0,0.5,0.375,6.0,linear
315,68923,24580,24580,0.271643,0.512302,0.0,0.0,0.5,0.375,6.0,linear
316,68924,24768,24768,0.271702,0.512564,0.0,0.0,0.5,0.375,6.0,linear
317,69202,25014,25014,0.272064,0.513391,0.0,0.0,0.5,0.375,6.0,linear

