generation,size,female_size,fertile_female_size,rate_dr,rate_has_drive,rate_complete_r2,rate_partial_r2,drive_efficiency,drop_ratio,low_density_growth_rate,density_growth_curve
1,77621,48673,48673,0.0,0.0,0.0,0.0,0.5,0.1,6.0,linear
2,77119,48515,48515,0.0,0.0,0.0,0.0,0.5,0.1,6.0,linear
3,79878,50175,50175,0.0,0.0,0.0,0.0,0.5,0.1,6.0,linear
4,81601,51333,51333,0.0,0.0,0.0,0.0,0.5,0.1,6.0,linear
5,80310,51187,51187,0.0,0.0,0.0,0.0,0.5,0.1,6.0,linear
6,76762,49734,49734,0.0,0.0,0.0,0.0,0.5,0.1,6.0,linear
7,76129,49299,49299,0.0,0.0,0.0,0.0,0.5,0.1,6.0,linear
8,77506,49782,49782,0.0,0.0,0.0,0.0,0.5,0.1,6.0,linear
9,79352,50214,50214,0.0,0.0,0.0,0.0,0.5,0.1,6.0,linear
10,78562,49880,49880,0.0,0.0,0.0,0.0,0.5,0.1,6.0,linear
11,78167,49891,49891,0.0,0.0,0.0,0.0,0.5,0.1,6.0,linear
12,79356,50267,50267,0.0068255,0.00808914,0.0,0.0,0.5,0.1,6.0,linear
13,79916,50221,50221,0.0118655,0.0157093,0.0,0.0,0.5,0.1,6.0,linear
14,78866,49465,49465,0.0153259,0.0222888,0.0,0.0,0.5,0.1,6.0,linear
15,78316,48813,48813,0.0193746,0.0303078,0.0,0.0,0.5,0.1,6.0,linear
16,78955,48806,48806,0.0230639,0.037726,0.0,0.0,0.5,0.1,6.0,linear
17,79517,48900,48900,0.0261293,0.0443237,0.0,0.0,0.5,0.1,6.0,linear
18,80691,49289,49289,0.0287791,0.0496151,0.0,0.0,0.5,0.1,6.0,linear
19,79725,48851,48851,0.0311577,0.0542466,0.0,0.0,0.5,0.1,6.0,linear
20,79725,48809,48809,0.03338,0.0582931,0.0,0.0,0.5,0.1,6.0,linear
21,80134,48590,48590,0.0356925,0.0635191,0.0,0.0,0.5,0.1,6.0,linear
22,80807,48768,48768,0.0378471,0.0677147,0.0,0.0,0.5,0.1,6.0,linear
23,81697,48945,48945,0.0395983,0.0710624,0.0,0.0,0.5,0.1,6.0,linear
24,80712,48589,48589,0.0415679,0.0751848,0.0,0.0,0.5,0.1,6.0,linear
25,81425,48910,48910,0.0433118,0.0785219,0.0,0.0,0.5,0.1,6.0,linear
26,80996,48730,48730,0.0438615,0.0799151,0.0,0.0,0.5,0.1,6.0,linear
27,80700,48308,48308,0.0461765,0.0844116,0.0,0.0,0.5,0.1,6.0,linear
28,81587,48502,48502,0.0477792,0.0876707,0.0,0.0,0.5,0.1,6.0,linear
29,81467,48156,48156,0.0494002,0.0908844,0.0,0.0,0.5,0.1,6.0,linear
30,81874,48448,48448,0.0504864,0.0930019,0.0,0.0,0.5,0.1,6.0,linear
31,81688,48368,48368,0.0514906,0.0949087,0.0,0.0,0.5,0.1,6.0,linear
32,81609,48267,48267,0.0526551,0.0977505,0.0,0.0,0.5,0.1,6.0,linear
33,81651,48285,48285,0.0540711,0.100087,0.0,0.0,0.5,0.1,6.0,linear
34,81746,48180,48180,0.0547637,0.101373,0.0,0.0,0.5,0.1,6.0,linear
35,81440,48070,48070,0.0561046,0.104332,0.0,0.0,0.5,0.1,6.0,linear
36,82312,48210,48210,0.0576119,0.10719,0.0,0.0,0.5,0.1,6.0,linear
37,82427,48171,48171,0.057659,0.107588,0.0,0.0,0.5,0.1,6.0,linear
38,81972,48132,48132,0.0585631,0.109401,0.0,0.0,0.5,0.1,6.0,linear
39,82001,48081,48081,0.0602178,0.11235,0.0,0.0,0.5,0.1,6.0,linear
40,81675,47898,47898,0.0619798,0.116139,0.0,0.0,0.5,0.1,6.0,linear
41,81739,47606,47606,0.0615364,0.115451,0.0,0.0,0.5,0.1,6.0,linear
42,81517,47491,47491,0.0623258,0.11711,0.0,0.0,0.5,0.1,6.0,linear
43,82454,47758,47758,0.0622797,0.11685,0.0,0.0,0.5,0.1,6.0,linear
44,82838,48077,48077,0.0623094,0.116791,0.0,0.0,0.5,0.1,6.0,linear
45,82300,48093,48093,0.0625097,0.117601,0.0,0.0,0.5,0.1,6.0,linear
46,81747,47450,47450,0.0630007,0.1182,0.0,0.0,0.5,0.1,6.0,linear
47,80859,46904,46904,0.0629632,0.118058,0.0,0.0,0.5,0.1,6.0,linear
48,82498,47494,47494,0.0632378,0.118706,0.0,0.0,0.5,0.1,6.0,linear
49,82561,47526,47526,0.0637011,0.11957,0.0,0.0,0.5,0.1,6.0,linear
50,83160,47882,47882,0.0637099,0.119424,0.0,0.0,0.5,0.1,6.0,linear
51,83487,48399,48399,0.0636669,0.119635,0.0,0.0,0.5,0.1,6.0,linear
52,82861,48099,48099,0.0646654,0.121545,0.0,0.0,0.5,0.1,6.0,linear
53,82035,47681,47681,0.0639911,0.120309,0.0,0.0,0.5,0.1,6.0,linear
54,81944,47495,47495,0.0648419,0.121991,0.0,0.0,0.5,0.1,6.0,linear
55,82824,47882,47882,0.0650238,0.122281,0.0,0.0,0.5,0.1,6.0,linear
56,82938,47845,47845,0.0640271,0.120336,0.0,0.0,0.5,0.1,6.0,linear
57,82583,47628,47628,0.065111,0.122471,0.0,0.0,0.5,0.1,6.0,linear
58,82056,47332,47332,0.0644886,0.121092,0.0,0.0,0.5,0.1,6.0,linear
59,82450,47584,47584,0.0643128,0.12049,0.0,0.0,0.5,0.1,6.0,linear
60,82415,47777,47777,0.0650956,0.122499,0.0,0.0,0.5,0.1,6.0,linear
61,82739,47844,47844,0.0651161,0.122661,0.0,0.0,0.5,0.1,6.0,linear
62,82809,48117,48117,0.0645616,0.121276,0.0,0.0,0.5,0.1,6.0,linear
63,83112,48143,48143,0.0648553,0.121558,0.0,0.0,0.5,0.1,6.0,linear
64,81876,47481,47481,0.0650294,0.122282,0.0,0.0,0.5,0.1,6.0,linear
65,82087,47599,47599,0.0654079,0.122952,0.0,0.0,0.5,0.1,6.0,linear
66,82024,47494,47494,0.0652853,0.122846,0.0,0.0,0.5,0.1,6.0,linear
67,82829,47726,47726,0.0646471,0.121721,0.0,0.0,0.5,0.1,6.0,linear
68,83021,47938,47938,0.0652807,0.123,0.0,0.0,0.5,0.1,6.0,linear
69,83041,48012,48012,0.0648212,0.121566,0.0,0.0,0.5,0.1,6.0,linear
70,82494,47947,47947,0.0645232,0.121197,0.0,0.0,0.5,0.1,6.0,linear
71,81978,47487,47487,0.06607,0.124727,0.0,0.0,0.5,0.1,6.0,linear
72,82691,47804,47804,0.0657195,0.124008,0.0,0.0,0.5,0.1,6.0,linear
73,82868,47820,47820,0.0654824,0.123148,0.0,0.0,0.5,0.1,6.0,linear
74,82793,47717,47717,0.0655205,0.123474,0.0,0.0,0.5,0.1,6.0,linear
75,82416,47438,47438,0.0668994,0.126078,0.0,0.0,0.5,0.1,6.0,linear
76,82354,47285,47285,0.066661,0.125915,0.0,0.0,0.5,0.1,6.0,linear
77,82799,47549,47549,0.0671145,0.126619,0.0,0.0,0.5,0.1,6.0,linear
78,83503,47979,47979,0.0668948,0.126307,0.0,0.0,0.5,0.1,6.0,linear
79,82820,47718,47718,0.0663645,0.12503,0.0,0.0,0.5,0.1,6.0,linear
80,82183,47331,47331,0.0676694,0.127514,0.0,0.0,0.5,0.1,6.0,linear
81,82204,47379,47379,0.0669876,0.126136,0.0,0.0,0.5,0.1,6.0,linear
82,82364,47451,47451,0.0662311,0.124787,0.0,0.0,0.5,0.1,6.0,linear
83,83170,47830,47830,0.0671196,0.126681,0.0,0.0,0.5,0.1,6.0,linear
84,83454,47874,47874,0.0677972,0.127948,0.0,0.0,0.5,0.1,6.0,linear
85,82604,47530,47530,0.0678567,0.127976,0.0,0.0,0.5,0.1,6.0,linear
86,82392,47348,47348,0.0679125,0.12818,0.0,0.0,0.5,0.1,6.0,linear
87,82697,47570,47570,0.0673464,0.127018,0.0,0.0,0.5,0.1,6.0,linear
88,82842,47418,47418,0.0676923,0.127724,0.0,0.0,0.5,0.1,6.0,linear
89,82640,47497,47497,0.0676651,0.127748,0.0,0.0,0.5,0.1,6.0,linear
90,82650,47620,47620,0.0680915,0.128452,0.0,0.0,0.5,0.1,6.0,linear
91,82608,47607,47607,0.0682892,0.128582,0.0,0.0,0.5,0.1,6.0,linear
92,82378,47442,47442,0.0679585,0.12819,0.0,0.0,0.5,0.1,6.0,linear
93,82171,47505,47505,0.0681777,0.128367,0.0,0.0,0.5,0.1,6.0,linear
94,82459,47667,47667,0.0693947,0.130892,0.0,0.0,0.5,0.1,6.0,linear
95,82553,47374,47374,0.0696591,0.131505,0.0,0.0,0.5,0.1,6.0,linear
96,82466,47207,47207,0.0694228,0.131487,0.0,0.0,0.5,0.1,6.0,linear
97,83105,47500,47500,0.0694197,0.131202,0.0,0.0,0.5,0.1,6.0,linear
98,82832,47393,47393,0.0699384,0.132007,0.0,0.0,0.5,0.1,6.0,linear
99,83234,47706,47706,0.0689309,0.130131,0.0,0.0,0.5,0.1,6.0,linear
100,82865,47493,47493,0.0699886,0.132268,0.0,0.0,0.5,0.1,6.0,linear
101,82423,47232,47232,0.0699059,0.132343,0.0,0.0,0.5,0.1,6.0,linear
102,82193,47101,47101,0.0693125,0.130841,0.0,0.0,0.5,0.1,6.0,linear
103,82787,47266,47266,0.0697001,0.131796,0.0,0.0,0.5,0.1,6.0,linear
104,83293,47557,47557,0.068887,0.130182,0.0,0.0,0.5,0.1,6.0,linear
105,83086,47554,47554,0.0688142,0.129852,0.0,0.0,0.5,0.1,6.0,linear
106,83560,47851,47851,0.0680178,0.12846,0.0,0.0,0.5,0.1,6.0,linear
107,82928,47766,47766,0.0666878,0.125738,0.0,0.0,0.5,0.1,6.0,linear
108,82640,47597,47597,0.0679351,0.128024,0.0,0.0,0.5,0.1,6.0,linear
109,82569,47718,47718,0.0676706,0.127327,0.0,0.0,0.5,0.1,6.0,linear
110,81794,47295,47295,0.067548,0.12733,0.0,0.0,0.5,0.1,6.0,linear
111,81741,47263,47263,0.0671558,0.126958,0.0,0.0,0.5,0.1,6.0,linear
112,82298,47181,47181,0.0673989,0.127255,0.0,0.0,0.5,0.1,6.0,linear
113,82682,47282,47282,0.0676723,0.127647,0.0,0.0,0.5,0.1,6.0,linear
114,83057,47697,47697,0.0674459,0.127325,0.0,0.0,0.5,0.1,6.0,linear
115,83364,48045,48045,0.0669183,0.126509,0.0,0.0,0.5,0.1,6.0,linear
116,83076,47939,47939,0.0677724,0.127742,0.0,0.0,0.5,0.1,6.0,linear
117,82836,47830,47830,0.0683733,0.129077,0.0,0.0,0.5,0.1,6.0,linear
118,81880,47256,47256,0.068426,0.12917,0.0,0.0,0.5,0.1,6.0,linear
119,81714,47247,47247,0.0691722,0.130496,0.0,0.0,0.5,0.1,6.0,linear
120,82149,47271,47271,0.0686172,0.129785,0.0,0.0,0.5,0.1,6.0,linear
121,82543,47379,47379,0.0692414,0.130894,0.0,0.0,0.5,0.1,6.0,linear
122,82780,47392,47392,0.069163,0.130796,0.0,0.0,0.5,0.1,6.0,linear
123,83115,47616,47616,0.0693462,0.131056,0.0,0.0,0.5,0.1,6.0,linear
124,83107,47736,47736,0.0686896,0.129858,0.0,0.0,0.5,0.1,6.0,linear
125,82642,47375,47375,0.0697201,0.131644,0.0,0.0,0.5,0.1,6.0,linear
126,82580,47345,47345,0.0690013,0.130201,0.0,0.0,0.5,0.1,6.0,linear
127,82628,47406,47406,0.0692049,0.130452,0.0,0.0,0.5,0.1,6.0,linear
128,82311,47358,47358,0.0689121,0.129959,0.0,0.0,0.5,0.1,6.0,linear
129,81880,47100,47100,0.0689188,0.129961,0.0,0.0,0.5,0.1,6.0,linear
130,82777,47384,47384,0.0695418,0.131182,0.0,0.0,0.5,0.1,6.0,linear
131,83324,47672,47672,0.0689067,0.129995,0.0,0.0,0.5,0.1,6.0,linear
132,82670,47555,47555,0.0680579,0.128722,0.0,0.0,0.5,0.1,6.0,linear
133,82780,47754,47754,0.0680901,0.12864,0.0,0.0,0.5,0.1,6.0,linear
134,82676,47765,47765,0.0675357,0.127513,0.0,0.0,0.5,0.1,6.0,linear
135,83035,47775,47775,0.0676775,0.127454,0.0,0.0,0.5,0.1,6.0,linear
136,82073,47219,47219,0.0678558,0.127804,0.0,0.0,0.5,0.1,6.0,linear
137,81764,47252,47252,0.0676429,0.127593,0.0,0.0,0.5,0.1,6.0,linear
138,83267,47810,47810,0.0675963,0.127503,0.0,0.0,0.5,0.1,6.0,linear
139,83838,47917,47917,0.0680212,0.128574,0.0,0.0,0.5,0.1,6.0,linear
140,82919,47542,47542,0.0690577,0.130443,0.0,0.0,0.5,0.1,6.0,linear
141,82131,47247,47247,0.0690035,0.130232,0.0,0.0,0.5,0.1,6.0,linear
142,82333,47123,47123,0.0679234,0.128175,0.0,0.0,0.5,0.1,6.0,linear
143,83119,47358,47358,0.0686088,0.129691,0.0,0.0,0.5,0.1,6.0,linear
144,83513,47461,47461,0.0684183,0.129172,0.0,0.0,0.5,0.1,6.0,linear
145,83081,47692,47692,0.0674104,0.127136,0.0,0.0,0.5,0.1,6.0,linear
146,82936,48058,48058,0.0676557,0.12753,0.0,0.0,0.5,0.1,6.0,linear
147,82231,47746,47746,0.0673283,0.12679,0.0,0.0,0.5,0.1,6.0,linear
148,81784,47411,47411,0.0665765,0.125579,0.0,0.0,0.5,0.1,6.0,linear
149,82477,47575,47575,0.0678044,0.127922,0.0,0.0,0.5,0.1,6.0,linear
150,82657,47417,47417,0.0686634,0.12945,0.0,0.0,0.5,0.1,6.0,linear
151,83255,47717,47717,0.0676575,0.127755,0.0,0.0,0.5,0.1,6.0,linear
152,83687,47876,47876,0.0675673,0.127286,0.0,0.0,0.5,0.1,6.0,linear
153,82956,47628,47628,0.0681098,0.128258,0.0,0.0,0.5,0.1,6.0,linear
154,82047,47194,47194,0.0683297,0.128752,0.0,0.0,0.5,0.1,6.0,linear
155,82761,47661,47661,0.0677173,0.127821,0.0,0.0,0.5,0.1,6.0,linear
156,83373,47732,47732,0.0674949,0.127325,0.0,0.0,0.5,0.1,6.0,linear
157,83312,47747,47747,0.0674825,0.127303,0.0,0.0,0.5,0.1,6.0,linear
158,82511,47349,47349,0.0673103,0.127021,0.0,0.0,0.5,0.1,6.0,linear
159,82694,47490,47490,0.0667458,0.125923,0.0,0.0,0.5,0.1,6.0,linear
160,82827,47630,47630,0.0678307,0.127684,0.0,0.0,0.5,0.1,6.0,linear
161,82998,47754,47754,0.0685805,0.129202,0.0,0.0,0.5,0.1,6.0,linear
162,82793,47594,47594,0.0674429,0.127405,0.0,0.0,0.5,0.1,6.0,linear
163,82980,47776,47776,0.0678895,0.12829,0.0,0.0,0.5,0.1,6.0,linear
164,82573,47582,47582,0.067975,0.12814,0.0,0.0,0.5,0.1,6.0,linear
165,82007,47302,47302,0.0688038,0.129842,0.0,0.0,0.5,0.1,6.0,linear
166,82966,47789,47789,0.0694849,0.131165,0.0,0.0,0.5,0.1,6.0,linear
167,82826,47707,47707,0.0692152,0.130752,0.0,0.0,0.5,0.1,6.0,linear
168,82938,47543,47543,0.0706064,0.133698,0.0,0.0,0.5,0.1,6.0,linear
169,83003,47475,47475,0.0703601,0.13281,0.0,0.0,0.5,0.1,6.0,linear
170,82749,47324,47324,0.0700731,0.13261,0.0,0.0,0.5,0.1,6.0,linear
171,82976,47411,47411,0.0701622,0.133023,0.0,0.0,0.5,0.1,6.0,linear
172,83528,47740,47740,0.0699674,0.132144,0.0,0.0,0.5,0.1,6.0,linear
173,82378,47242,47242,0.0710196,0.134219,0.0,0.0,0.5,0.1,6.0,linear
174,82359,47230,47230,0.0694635,0.131636,0.0,0.0,0.5,0.1,6.0,linear
175,82673,47424,47424,0.0698537,0.131947,0.0,0.0,0.5,0.1,6.0,linear
176,83257,47578,47578,0.0706921,0.133824,0.0,0.0,0.5,0.1,6.0,linear
177,83484,47731,47731,0.069676,0.131823,0.0,0.0,0.5,0.1,6.0,linear
178,83721,47890,47890,0.0699805,0.132424,0.0,0.0,0.5,0.1,6.0,linear
179,82440,47300,47300,0.0704567,0.133039,0.0,0.0,0.5,0.1,6.0,linear
180,82249,47294,47294,0.070132,0.132759,0.0,0.0,0.5,0.1,6.0,linear
181,82529,47411,47411,0.0704783,0.133408,0.0,0.0,0.5,0.1,6.0,linear
182,82942,47365,47365,0.0697945,0.131972,0.0,0.0,0.5,0.1,6.0,linear
183,83602,47726,47726,0.0696535,0.131814,0.0,0.0,0.5,0.1,6.0,linear
184,83222,47668,47668,0.0699006,0.131994,0.0,0.0,0.5,0.1,6.0,linear
185,83172,47679,47679,0.0692558,0.130597,0.0,0.0,0.5,0.1,6.0,linear
186,82710,47556,47556,0.0689389,0.130201,0.0,0.0,0.5,0.1,6.0,linear
187,82786,47605,47605,0.069333,0.130787,0.0,0.0,0.5,0.1,6.0,linear
188,82014,47128,47128,0.0702683,0.132544,0.0,0.0,0.5,0.1,6.0,linear
189,82524,47392,47392,0.0712619,0.13485,0.0,0.0,0.5,0.1,6.0,linear
190,82915,47329,47329,0.0702662,0.133074,0.0,0.0,0.5,0.1,6.0,linear
191,82765,47149,47149,0.0711391,0.134891,0.0,0.0,0.5,0.1,6.0,linear
192,83745,47706,47706,0.0702482,0.133036,0.0,0.0,0.5,0.1,6.0,linear
193,83211,47659,47659,0.070812,0.133922,0.0,0.0,0.5,0.1,6.0,linear
194,82779,47570,47570,0.0700331,0.132342,0.0,0.0,0.5,0.1,6.0,linear
195,81986,47264,47264,0.0705205,0.133682,0.0,0.0,0.5,0.1,6.0,linear
196,82584,47421,47421,0.0706032,0.133628,0.0,0.0,0.5,0.1,6.0,linear
197,83004,47290,47290,0.0701783,0.132802,0.0,0.0,0.5,0.1,6.0,linear
198,82865,47504,47504,0.0698414,0.13208,0.0,0.0,0.5,0.1,6.0,linear
199,82976,47634,47634,0.0694052,0.131185,0.0,0.0,0.5,0.1,6.0,linear
200,82920,47791,47791,0.0698383,0.131952,0.0,0.0,0.5,0.1,6.0,linear
201,83134,47738,47738,0.0697801,0.132172,0.0,0.0,0.5,0.1,6.0,linear
202,82423,47330,47330,0.0697124,0.131975,0.0,0.0,0.5,0.1,6.0,linear
203,83072,47461,47461,0.0700081,0.132382,0.0,0.0,0.5,0.1,6.0,linear
204,83601,47628,47628,0.0696685,0.131853,0.0,0.0,0.5,0.1,6.0,linear
205,83262,47467,47467,0.070168,0.13266,0.0,0.0,0.5,0.1,6.0,linear
206,82421,47355,47355,0.0698808,0.13213,0.0,0.0,0.5,0.1,6.0,linear
207,82422,47363,47363,0.0691949,0.130781,0.0,0.0,0.5,0.1,6.0,linear
208,83085,47635,47635,0.0690281,0.130463,0.0,0.0,0.5,0.1,6.0,linear
209,83308,47584,47584,0.0686085,0.129544,0.0,0.0,0.5,0.1,6.0,linear
210,82969,47487,47487,0.0682227,0.128769,0.0,0.0,0.5,0.1,6.0,linear
211,82992,47548,47548,0.0686374,0.129679,0.0,0.0,0.5,0.1,6.0,linear
212,83070,47551,47551,0.068434,0.129185,0.0,0.0,0.5,0.1,6.0,linear
213,82478,47299,47299,0.0681575,0.128585,0.0,0.0,0.5,0.1,6.0,linear
214,81926,47138,47138,0.0683412,0.128726,0.0,0.0,0.5,0.1,6.0,linear
215,82420,47346,47346,0.0680946,0.128487,0.0,0.0,0.5,0.1,6.0,linear
216,82537,47465,47465,0.0680185,0.128475,0.0,0.0,0.5,0.1,6.0,linear
217,82311,47473,47473,0.0681682,0.128593,0.0,0.0,0.5,0.1,6.0,linear
218,82967,47811,47811,0.0685976,0.129568,0.0,0.0,0.5,0.1,6.0,linear
219,83070,47792,47792,0.0677493,0.127573,0.0,0.0,0.5,0.1,6.0,linear
220,81643,47252,47252,0.0682125,0.128442,0.0,0.0,0.5,0.1,6.0,linear
221,82019,47356,47356,0.0689276,0.129847,0.0,0.0,0.5,0.1,6.0,linear
222,82328,47281,47281,0.0689495,0.130384,0.0,0.0,0.5,0.1,6.0,linear
223,83022,47659,47659,0.0691195,0.13065,0.0,0.0,0.5,0.1,6.0,linear
224,82719,47573,47573,0.0685106,0.129526,0.0,0.0,0.5,0.1,6.0,linear
225,82317,47426,47426,0.0687441,0.129922,0.0,0.0,0.5,0.1,6.0,linear
226,82287,47276,47276,0.0698095,0.131847,0.0,0.0,0.5,0.1,6.0,linear
227,82727,47454,47454,0.0698933,0.132137,0.0,0.0,0.5,0.1,6.0,linear
228,82795,47386,47386,0.0706074,0.133482,0.0,0.0,0.5,0.1,6.0,linear
229,82468,47432,47432,0.0712147,0.134364,0.0,0.0,0.5,0.1,6.0,linear
230,83270,47821,47821,0.070608,0.133373,0.0,0.0,0.5,0.1,6.0,linear
231,82980,47488,47488,0.0712895,0.135155,0.0,0.0,0.5,0.1,6.0,linear
232,83086,47399,47399,0.0710424,0.134623,0.0,0.0,0.5,0.1,6.0,linear
233,82706,47455,47455,0.0706364,0.13347,0.0,0.0,0.5,0.1,6.0,linear
234,82816,47407,47407,0.0707784,0.134009,0.0,0.0,0.5,0.1,6.0,linear
235,83056,47327,47327,0.0704917,0.133146,0.0,0.0,0.5,0.1,6.0,linear
236,82373,46963,46963,0.069847,0.131891,0.0,0.0,0.5,0.1,6.0,linear
237,83478,47627,47627,0.0698933,0.132396,0.0,0.0,0.5,0.1,6.0,linear
238,83579,47825,47825,0.0697775,0.132045,0.0,0.0,0.5,0.1,6.0,linear
239,83443,47848,47848,0.0705628,0.133334,0.0,0.0,0.5,0.1,6.0,linear
240,82788,47570,47570,0.0708957,0.133939,0.0,0.0,0.5,0.1,6.0,linear
241,82746,47428,47428,0.0715088,0.135417,0.0,0.0,0.5,0.1,6.0,linear
242,82928,47443,47443,0.0724802,0.137187,0.0,0.0,0.5,0.1,6.0,linear
243,82657,47249,47249,0.0710752,0.134546,0.0,0.0,0.5,0.1,6.0,linear
244,82085,47038,47038,0.0718518,0.135947,0.0,0.0,0.5,0.1,6.0,linear
245,82407,47126,47126,0.0719344,0.136472,0.0,0.0,0.5,0.1,6.0,linear
246,82774,47153,47153,0.0719719,0.13632,0.0,0.0,0.5,0.1,6.0,linear
247,83061,47412,47412,0.0708712,0.134033,0.0,0.0,0.5,0.1,6.0,linear
248,82588,47185,47185,0.0706233,0.133648,0.0,0.0,0.5,0.1,6.0,linear
249,82509,47444,47444,0.0707341,0.133891,0.0,0.0,0.5,0.1,6.0,linear
250,83031,47681,47681,0.0706046,0.133445,0.0,0.0,0.5,0.1,6.0,linear
251,82614,47415,47415,0.069031,0.130471,0.0,0.0,0.5,0.1,6.0,linear
252,82648,47411,47411,0.0697036,0.131463,0.0,0.0,0.5,0.1,6.0,linear
253,82433,47183,47183,0.0693431,0.131034,0.0,0.0,0.5,0.1,6.0,linear
254,83379,47663,47663,0.069016,0.130447,0.0,0.0,0.5,0.1,6.0,linear
255,83575,47819,47819,0.0689906,0.130215,0.0,0.0,0.5,0.1,6.0,linear
256,83010,47648,47648,0.069166,0.130781,0.0,0.0,0.5,0.1,6.0,linear
257,82604,47571,47571,0.0688679,0.130185,0.0,0.0,0.5,0.1,6.0,linear
258,82387,47602,47602,0.0694815,0.131158,0.0,0.0,0.5,0.1,6.0,linear
259,82361,47338,47338,0.0689402,0.129794,0.0,0.0,0.5,0.1,6.0,linear
260,82248,47277,47277,0.0682486,0.128757,0.0,0.0,0.5,0.1,6.0,linear
261,82165,47221,47221,0.0693908,0.131309,0.0,0.0,0.5,0.1,6.0,linear
262,82634,47257,47257,0.0695166,0.131361,0.0,0.0,0.5,0.1,6.0,linear
263,83274,47578,47578,0.0688284,0.130198,0.0,0.0,0.5,0.1,6.0,linear
264,83199,47583,47583,0.0684714,0.129333,0.0,0.0,0.5,0.1,6.0,linear
265,82129,47177,47177,0.0688063,0.12984,0.0,0.0,0.5,0.1,6.0,linear
266,82534,47346,47346,0.0687368,0.129649,0.0,0.0,0.5,0.1,6.0,linear
267,83245,47761,47761,0.0689378,0.130229,0.0,0.0,0.5,0.1,6.0,linear
268,83308,47603,47603,0.0688086,0.129994,0.0,0.0,0.5,0.1,6.0,linear
269,83081,47511,47511,0.0695201,0.131264,0.0,0.0,0.5,0.1,6.0,linear
270,83411,47900,47900,0.0689198,0.129899,0.0,0.0,0.5,0.1,6.0,linear
271,82823,47638,47638,0.0688019,0.12962,0.0,0.0,0.5,0.1,6.0,linear
272,81937,47329,47329,0.0696274,0.131463,0.0,0.0,0.5,0.1,6.0,linear
273,82636,47568,47568,0.0693455,0.130938,0.0,0.0,0.5,0.1,6.0,linear
274,83085,47794,47794,0.0692123,0.130984,0.0,0.0,0.5,0.1,6.0,linear
275,82755,47606,47606,0.0686795,0.129742,0.0,0.0,0.5,0.1,6.0,linear
276,82185,47177,47177,0.0691021,0.130307,0.0,0.0,0.5,0.1,6.0,linear
277,82170,47245,47245,0.0697201,0.131459,0.0,0.0,0.5,0.1,6.0,linear
278,82482,47254,47254,0.0695236,0.131231,0.0,0.0,0.5,0.1,6.0,linear
279,82928,47598,47598,0.0694085,0.131153,0.0,0.0,0.5,0.1,6.0,linear
280,83386,47876,47876,0.0687792,0.129885,0.0,0.0,0.5,0.1,6.0,linear
281,83423,48147,48147,0.0694819,0.131287,0.0,0.0,0.5,0.1,6.0,linear
282,82620,47650,47650,0.0701164,0.132737,0.0,0.0,0.5,0.1,6.0,linear
283,82244,47540,47540,0.0697441,0.132055,0.0,0.0,0.5,0.1,6.0,linear
284,82836,47683,47683,0.0695262,0.131111,0.0,0.0,0.5,0.1,6.0,linear
285,82695,47576,47576,0.0700461,0.1325,0.0,0.0,0.5,0.1,6.0,linear
286,82754,47683,47683,0.0692797,0.130918,0.0,0.0,0.5,0.1,6.0,linear
287,82258,47533,47533,0.0700115,0.132267,0.0,0.0,0.5,0.1,6.0,linear
288,82625,47302,47302,0.0697561,0.131665,0.0,0.0,0.5,0.1,6.0,linear
289,82277,47282,47282,0.0707074,0.133725,0.0,0.0,0.5,0.1,6.0,linear
290,82674,47332,47332,0.069993,0.132024,0.0,0.0,0.5,0.1,6.0,linear
291,82890,47637,47637,0.0701896,0.132579,0.0,0.0,0.5,0.1,6.0,linear
292,83499,47626,47626,0.0698597,0.131911,0.0,0.0,0.5,0.1,6.0,linear
293,82228,47162,47162,0.070049,0.132415,0.0,0.0,0.5,0.1,6.0,linear
294,82900,47510,47510,0.0701434,0.132503,0.0,0.0,0.5,0.1,6.0,linear
295,83250,47878,47878,0.069874,0.131856,0.0,0.0,0.5,0.1,6.0,linear
296,83403,47781,47781,0.0695464,0.131193,0.0,0.0,0.5,0.1,6.0,linear
297,83070,47768,47768,0.0694367,0.131163,0.0,0.0,0.5,0.1,6.0,linear
298,82646,47625,47625,0.0697927,0.131738,0.0,0.0,0.5,0.1,6.0,linear
299,82866,47492,47492,0.0700859,0.132504,0.0,0.0,0.5,0.1,6.0,linear
300,82710,47389,47389,0.0699066,0.131791,0.0,0.0,0.5,0.1,6.0,linear
301,81948,46822,46822,0.070965,0.134043,0.0,0.0,0.5,0.1,6.0,linear
302,83014,47568,47568,0.0707122,0.133611,0.0,0.0,0.5,0.1,6.0,linear
303,83356,47752,47752,0.069634,0.131649,0.0,0.0,0.5,0.1,6.0,linear
304,83525,47715,47715,0.0697119,0.131631,0.0,0.0,0.5,0.1,6.0,linear
305,83002,47542,47542,0.0708036,0.133703,0.0,0.0,0.5,0.1,6.0,linear
306,82361,47017,47017,0.0713987,0.134823,0.0,0.0,0.5,0.1,6.0,linear
307,82421,47052,47052,0.0722226,0.136744,0.0,0.0,0.5,0.1,6.0,linear
308,82546,47034,47034,0.0725326,0.137307,0.0,0.0,0.5,0.1,6.0,linear
309,83133,47268,47268,0.072292,0.136661,0.0,0.0,0.5,0.1,6.0,linear
310,83402,47425,47425,0.0720042,0.135992,0.0,0.0,0.5,0.1,6.0,linear
311,82459,46974,46974,0.0724415,0.137188,0.0,0.0,0.5,0.1,6.0,linear
312,82835,47397,47397,0.0722061,0.136631,0.0,0.0,0.5,0.1,6.0,linear
313,83175,47449,47449,0.0721398,0.136553,0.0,0.0,0.5,0.1,6.0,linear
314,83253,47501,47501,0.0720527,0.136293,0.0,0.0,0.5,0.1,6.0,linear
315,82988,47510,47510,0.0709421,0.134092,0.0,0.0,0.5,0.1,6.0,linear
316,82236,47097,47097,0.0713663,0.13518,0.0,0.0,0.5,0.1,6.0,linear
317,82570,47121,47121,0.07093,0.134479,0.0,0.0,0.5,0.1,6.0,linear

